1 20
1 59
2 1
2 3
3 2
3 6
3 22
5 2
6 5
20 1
20 142
20 144
22 145
29 82
34 29
34 35
35 165
36 35
36 38
36 166
36 169
37 34
37 38
38 36
38 40
40 38
40 44
40 169
42 38
42 47
43 37
43 42
43 46
44 40
44 168
44 170
45 44
45 171
46 43
46 47
46 48
47 40
47 45
48 45
48 46
50 43
50 53
52 50
53 48
53 55
55 1
55 172
58 5
58 52
59 142
59 173
80 210
82 80
141 148
141 173
141 178
142 59
142 141
144 20
144 145
144 149
145 144
145 146
146 145
146 156
148 141
148 149
148 151
149 148
149 153
149 156
150 203
150 328
150 772
151 152
151 153
151 178
152 154
152 204
153 151
153 155
153 159
154 152
154 155
154 203
155 154
155 158
156 149
156 159
158 155
158 162
159 153
159 158
162 150
162 158
164 183
165 164
166 165
167 166
167 174
168 169
168 175
168 176
169 36
169 40
169 167
170 176
170 177
171 170
171 172
172 177
173 141
173 179
174 164
174 184
175 167
175 187
175 191
176 191
176 197
177 197
177 198
178 151
178 179
178 204
179 178
179 199
180 185
180 229
181 182
181 237
182 180
182 193
183 184
183 238
184 181
184 183
185 195
185 342
185 765
186 182
187 174
187 188
188 186
189 188
190 186
190 193
190 198
191 189
191 192
192 189
192 196
193 194
194 195
195 185
195 205
196 190
197 196
198 190
198 194
198 200
199 198
199 201
200 198
200 202
201 199
201 200
201 204
202 203
202 205
203 150
203 202
204 152
204 201
205 195
205 320
210 232
210 238
219 224
222 223
223 224
224 227
225 234
226 225
226 231
227 765
229 235
231 222
232 226
233 229
233 236
234 233
235 227
236 223
236 235
237 180
238 226
238 237
319 320
319 329
319 771
320 205
320 319
328 150
328 329
329 319
329 328
329 766
333 339
335 340
335 483
336 342
336 343
337 338
337 343
338 337
338 347
339 340
339 341
340 339
340 763
341 344
341 766
342 185
342 336
343 336
343 337
343 767
344 341
344 347
345 347
346 345
347 338
347 344
347 768
348 338
348 347
349 351
350 219
350 352
351 350
352 227
353 349
353 355
353 356
355 343
355 353
356 353
356 355
380 383
380 489
383 356
425 333
425 463
459 425
462 459
462 760
463 464
464 335
464 483
469 482
470 471
470 480
470 758
471 470
471 473
471 479
473 474
474 346
474 483
476 759
476 761
479 471
479 480
479 505
480 470
480 508
482 761
483 335
483 464
483 474
489 380
489 492
491 504
492 489
492 507
494 491
494 506
498 469
501 498
501 506
503 507
504 503
505 508
506 494
506 501
507 492
507 505
508 348
598 506
758 473
759 463
760 759
761 471
761 476
762 150
763 340
763 344
765 770
766 329
766 341
766 769
