150 772
319 771
343 767
347 768
765 770
766 769
162 150
185 765
203 150
227 765
320 319
328 150
329 319
329 766
336 343
337 343
338 347
341 766
344 347
345 347
348 347
355 343
762 150
150 203
150 328
154 203
158 162
180 185
195 185
202 203
205 320
224 227
235 227
319 320
319 329
328 329
329 328
337 338
338 337
339 341
341 344
342 185
342 336
343 336
343 337
344 341
346 345
347 338
347 344
348 338
352 227
353 355
356 355
508 348
763 344
766 329
766 341
152 154
155 154
155 158
159 158
162 158
182 180
185 195
185 342
194 195
195 205
200 202
202 205
203 202
205 195
219 224
223 224
229 235
236 235
237 180
320 205
333 339
336 342
340 339
340 763
350 352
353 356
355 353
356 353
383 356
474 346
480 508
505 508
151 152
153 155
153 159
154 152
154 155
156 159
158 155
180 229
181 182
181 237
186 182
193 194
198 194
198 200
201 200
204 152
222 223
233 229
233 236
236 223
238 237
335 340
339 340
350 219
351 350
380 383
425 333
470 480
473 474
479 480
479 505
483 474
507 505
763 340
146 156
148 151
149 153
149 156
151 153
152 204
153 151
159 153
177 198
178 151
178 204
182 193
183 238
184 181
188 186
190 186
190 193
190 198
199 198
199 201
200 198
201 204
204 201
210 238
231 222
234 233
335 483
349 351
459 425
464 335
464 483
471 470
471 473
471 479
474 483
480 470
483 335
489 380
492 507
503 507
758 473
80 210
141 148
141 178
144 149
145 146
148 149
149 148
151 178
156 149
164 183
170 177
172 177
174 184
179 178
179 199
183 184
184 183
187 188
189 188
196 190
198 190
201 199
225 234
226 231
353 349
380 489
462 459
463 464
470 471
470 758
479 471
483 464
489 492
492 489
504 503
507 492
761 471
20 144
22 145
44 170
55 172
82 80
142 141
144 145
145 144
146 145
148 141
165 164
167 174
171 170
171 172
173 141
173 179
174 164
175 187
178 179
187 174
191 189
192 189
192 196
197 196
226 225
232 226
238 226
425 463
476 761
482 761
491 504
759 463
1 20
3 22
20 142
29 82
35 165
40 44
45 44
45 171
53 55
59 142
59 173
141 173
144 20
166 165
168 175
169 167
175 167
175 191
176 191
176 197
177 197
191 192
210 232
469 482
476 759
494 491
760 759
761 476
1 59
2 1
2 3
20 1
34 29
34 35
36 35
36 166
36 169
38 40
40 169
44 40
44 168
47 40
47 45
48 45
50 53
55 1
142 59
167 166
168 169
168 176
169 40
170 176
462 760
498 469
506 494
3 2
5 2
36 38
37 34
37 38
38 36
40 38
42 38
42 47
46 47
46 48
52 50
53 48
169 36
494 506
501 498
501 506
598 506
6 5
43 37
43 42
43 46
48 46
58 5
58 52
506 501
3 6
46 43
50 43
