<Section: TEST>
None
T_open @ seed None
<Section: CURRICULUM>
logs/Curriculum
loading:  logs/Curriculum20200824170428/model_56
loading:  logs/Curriculum20200824170428/model_605
shelter_id 0 [0, 1, 6, 2, 5, 7, 12, 10, 9, 4, 8, 13, 3, 11, 14, 16, 15, 17, 18]
shelter_id 1 [1, 2, 7, 0, 4, 9, 8, 10, 3, 6, 5, 13, 11, 12, 14, 15, 16, 17, 18]
shelter_id 2 [2, 1, 7, 4, 8, 0, 3, 9, 10, 11, 6, 5, 13, 14, 12, 15, 17, 16, 18]
shelter_id 3 [3, 4, 8, 11, 7, 2, 14, 1, 9, 10, 15, 6, 5, 13, 0, 17, 18, 12, 16]
shelter_id 4 [4, 3, 2, 1, 8, 11, 7, 14, 0, 9, 10, 15, 6, 5, 13, 17, 18, 12, 16]
shelter_id 5 [5, 10, 9, 12, 6, 13, 7, 0, 11, 8, 1, 14, 16, 2, 3, 15, 4, 17, 18]
shelter_id 6 [6, 5, 0, 12, 10, 9, 7, 8, 13, 1, 2, 11, 3, 4, 14, 16, 15, 17, 18]
shelter_id 7 [7, 8, 9, 10, 2, 1, 11, 3, 5, 13, 6, 4, 14, 0, 12, 15, 17, 16, 18]
shelter_id 8 [8, 7, 11, 3, 9, 2, 10, 1, 4, 14, 6, 5, 13, 15, 0, 12, 17, 18, 16]
shelter_id 9 [9, 10, 5, 13, 7, 11, 8, 1, 6, 12, 2, 14, 3, 0, 15, 4, 16, 17, 18]
shelter_id 10 [10, 9, 5, 13, 7, 11, 8, 6, 1, 12, 2, 14, 3, 0, 15, 16, 4, 17, 18]
shelter_id 11 [11, 14, 8, 3, 9, 10, 7, 4, 13, 5, 15, 2, 1, 17, 6, 12, 18, 0, 16]
shelter_id 12 [12, 5, 13, 6, 10, 9, 0, 7, 16, 14, 11, 8, 1, 15, 2, 3, 17, 18, 4]
shelter_id 13 [13, 10, 9, 5, 12, 14, 7, 15, 11, 16, 6, 8, 1, 2, 17, 0, 3, 18, 4]
shelter_id 14 [14, 11, 15, 13, 17, 8, 3, 9, 10, 7, 18, 4, 5, 12, 16, 2, 1, 6, 0]
shelter_id 15 [15, 17, 14, 18, 13, 11, 16, 9, 10, 8, 7, 3, 5, 12, 4, 2, 1, 6, 0]
shelter_id 16 [16, 13, 15, 17, 18, 5, 12, 10, 14, 9, 6, 11, 7, 8, 1, 0, 3, 2, 4]
shelter_id 17 [17, 18, 15, 14, 16, 11, 13, 3, 9, 10, 8, 7, 4, 5, 12, 2, 1, 6, 0]
shelter_id 18 [18, 17, 15, 16, 14, 13, 11, 9, 3, 10, 8, 7, 5, 12, 4, 2, 1, 6, 0]
reset simulator configure
logs/edge/sim_result_0
INIT
obs tensor([[0., 0., 0.,  ..., 0., 0., 0.]])
action tensor([[ 1,  1,  2,  3,  4,  5,  6,  7,  8,  9, 10, 11, 12, 13, 14, 15, 16, 17,
         18]])
CURRENT 0 [ 1  1  2  3  4  5  6  7  8  9 10 11 12 13 14 15 16 17 18] 144.42 144.42 144.42
tensor([[1.]])
obs tensor([[0., 0., 0.,  ..., 0., 0., 1.]])
action tensor([[ 0,  1,  2,  3,  4,  5,  6,  7,  8,  9, 10, 11, 12, 13,  4, 15, 16, 17,
         18]])
CURRENT 300 [ 0  1  2  3  4  5  6  7  8  9 10 11 12 13  4 15 16 17 18] 96.84 96.84 241.26
tensor([[1.]])
obs tensor([[0., 0., 0.,  ..., 0., 0., 1.]])
action tensor([[ 9,  1,  2,  3,  4,  5,  6,  7,  8,  9, 10, 11, 12, 13,  4, 15, 16, 17,
         18]])
CURRENT 600 [ 9  1  2  3  4  5  6  7  8  9 10 11 12 13  4 15 16 17 18] 91.98 91.98 333.24
tensor([[1.]])
obs tensor([[0., 0., 0.,  ..., 0., 0., 1.]])
action tensor([[ 0,  1,  2,  8,  2,  5,  6,  7,  8,  9, 10, 11, 12, 13,  9, 15, 16, 15,
         15]])
CURRENT 900 [ 0  1  2  8  2  5  6  7  8  9 10 11 12 13  9 15 16 15 15] 91.8 91.8 425.04
tensor([[1.]])
obs tensor([[0., 0., 0.,  ..., 0., 0., 0.]])
action tensor([[ 7,  1,  2,  8,  2,  5,  6,  7,  8,  9, 10, 11, 12, 10,  9, 11,  5, 11,
         11]])
CURRENT 1200 [ 7  1  2  8  2  5  6  7  8  9 10 11 12 10  9 11  5 11 11] 87.54 87.54 512.58
tensor([[1.]])
obs tensor([[0., 0., 0.,  ..., 0., 0., 0.]])
action tensor([[ 9,  1,  2,  8,  2,  5,  6,  7,  8,  9, 10, 11, 12, 10,  9, 11,  5, 11,
         11]])
CURRENT 1500 [ 9  1  2  8  2  5  6  7  8  9 10 11 12 10  9 11  5 11 11] 68.28 68.28 580.86
tensor([[1.]])
obs tensor([[0., 0., 0.,  ..., 0., 0., 0.]])
action tensor([[ 9,  1,  2,  8,  2,  5,  6,  7,  8,  9, 10, 11, 12, 10,  9, 11,  5, 11,
         11]])
CURRENT 1800 [ 9  1  2  8  2  5  6  7  8  9 10 11 12 10  9 11  5 11 11] 54.6 54.6 635.46
tensor([[1.]])
obs tensor([[0., 0., 0.,  ..., 0., 0., 0.]])
action tensor([[ 9,  1,  2,  8,  2,  5,  6,  7,  8,  9, 10, 11, 12, 10,  9, 11,  5, 11,
         11]])
CURRENT 2100 [ 9  1  2  8  2  5  6  7  8  9 10 11 12 10  9 11  5 11 11] 42.18 42.18 677.64
tensor([[1.]])
obs tensor([[0., 0., 0.,  ..., 0., 0., 0.]])
action tensor([[ 9,  1,  2,  8,  2,  5,  6,  7,  8,  9, 10, 11, 12, 10,  9, 11,  5, 11,
         11]])
CURRENT 2400 [ 9  1  2  8  2  5  6  7  8  9 10 11 12 10  9 11  5 11 11] 38.28 38.28 715.92
tensor([[1.]])
obs tensor([[0., 0., 0.,  ..., 0., 0., 0.]])
action tensor([[ 9,  1,  2,  8,  2,  5,  6,  7,  8,  9, 10,  8, 12, 10,  9,  9,  5,  9,
          9]])
CURRENT 2700 [ 9  1  2  8  2  5  6  7  8  9 10  8 12 10  9  9  5  9  9] 37.68 37.68 753.5999999999999
tensor([[1.]])
obs tensor([[0., 0., 0.,  ..., 0., 0., 0.]])
action tensor([[ 8,  1,  2,  8,  2,  5,  6,  7,  8,  9, 10,  8, 12, 10,  9,  9,  5,  9,
          9]])
CURRENT 3000 [ 8  1  2  8  2  5  6  7  8  9 10  8 12 10  9  9  5  9  9] 33.36 33.36 786.9599999999999
tensor([[1.]])
obs tensor([[0., 0., 0.,  ..., 0., 0., 0.]])
action tensor([[ 8,  1,  2,  8,  2, 10,  6,  7,  8,  9, 10,  8, 12, 10,  9,  9, 12,  9,
          9]])
CURRENT 3300 [ 8  1  2  8  2 10  6  7  8  9 10  8 12 10  9  9 12  9  9] 33.18 33.18 820.1399999999999
tensor([[1.]])
obs tensor([[0., 0., 0.,  ..., 0., 0., 0.]])
action tensor([[ 8,  1,  2,  8,  2, 10,  6,  7,  8,  9, 10,  8, 12, 10,  9,  9, 12,  9,
          9]])
CURRENT 3600 [ 8  1  2  8  2 10  6  7  8  9 10  8 12 10  9  9 12  9  9] 30.06 30.06 850.1999999999998
tensor([[1.]])
obs tensor([[0., 0., 0.,  ..., 0., 0., 0.]])
action tensor([[ 9,  1,  2,  7,  2, 10,  6,  7,  7,  9, 10,  9, 12, 10,  9,  9, 12,  9,
          9]])
CURRENT 3900 [ 9  1  2  7  2 10  6  7  7  9 10  9 12 10  9  9 12  9  9] 23.82 23.82 874.0199999999999
tensor([[1.]])
obs tensor([[0., 0., 0.,  ..., 0., 0., 0.]])
action tensor([[ 0,  1,  2,  7,  2, 10,  6,  7,  7,  9, 10,  9, 12, 10,  9,  9, 12,  9,
          9]])
CURRENT 4200 [ 0  1  2  7  2 10  6  7  7  9 10  9 12 10  9  9 12  9  9] 5.82 5.82 879.8399999999999
tensor([[1.]])
obs tensor([[0., 0., 0.,  ..., 0., 0., 0.]])
action tensor([[ 9,  1,  2,  7,  2,  9,  6,  7,  7,  9,  9,  9, 12,  9,  9,  9, 12,  9,
          9]])
CURRENT 4500 [ 9  1  2  7  2  9  6  7  7  9  9  9 12  9  9  9 12  9  9] 0.06 0.06 879.8999999999999
tensor([[1.]])
obs tensor([[0., 0., 0.,  ..., 0., 0., 0.]])
action tensor([[ 0,  1,  2,  7,  2,  9,  6,  7,  7,  9,  9,  9, 12,  9,  9,  9, 12,  9,
          9]])
CURRENT 4800 [ 0  1  2  7  2  9  6  7  7  9  9  9 12  9  9  9 12  9  9] 0.06 0.06 879.9599999999998
tensor([[1.]])
obs tensor([[0., 0., 0.,  ..., 0., 0., 0.]])
action tensor([[ 0,  1,  2,  7,  2,  9,  6,  7,  7,  9,  9,  9, 12,  9,  9,  9, 12,  9,
          9]])
CURRENT 5100 [ 0  1  2  7  2  9  6  7  7  9  9  9 12  9  9  9 12  9  9] 0.06 0.06 880.0199999999998
tensor([[1.]])
obs tensor([[0., 0., 0.,  ..., 0., 0., 0.]])
action tensor([[ 0,  1,  2,  7,  2,  9,  6,  7,  7,  9,  9,  9, 12,  9,  9,  9, 12,  9,
          9]])
CURRENT 5400 [ 0  1  2  7  2  9  6  7  7  9  9  9 12  9  9  9 12  9  9] 0.0 0.0 880.0199999999998
tensor([[1.]])
obs tensor([[0., 0., 0.,  ..., 0., 0., 0.]])
action tensor([[ 0,  1,  2,  7,  2,  9,  6,  7,  7,  9,  9,  9, 12,  9,  9,  9, 12,  9,
          9]])
CURRENT 5700 [ 0  1  2  7  2  9  6  7  7  9  9  9 12  9  9  9 12  9  9] 0.0 0.0 880.0199999999998
tensor([[1.]])
obs tensor([[0., 0., 0.,  ..., 0., 0., 0.]])
action tensor([[ 0,  1,  2,  7,  2,  9,  6,  7,  7,  9,  9,  9, 12,  9,  9,  9, 12,  9,
          9]])
CURRENT 6000 [ 0  1  2  7  2  9  6  7  7  9  9  9 12  9  9  9 12  9  9] 0.0 0.0 880.0199999999998
tensor([[1.]])
obs tensor([[0., 0., 0.,  ..., 0., 0., 0.]])
action tensor([[ 0,  1,  2,  7,  2,  9,  6,  7,  7,  9,  9,  9, 12,  9,  9,  9, 12,  9,
          9]])
CURRENT 6300 [ 0  1  2  7  2  9  6  7  7  9  9  9 12  9  9  9 12  9  9] 0.0 0.0 880.0199999999998
tensor([[1.]])
obs tensor([[0., 0., 0.,  ..., 0., 0., 0.]])
action tensor([[ 0,  1,  2,  7,  2,  9,  6,  7,  7,  9,  9,  9, 12,  9,  9,  9, 12,  9,
          9]])
CURRENT 6600 [ 0  1  2  7  2  9  6  7  7  9  9  9 12  9  9  9 12  9  9] 0.0 0.0 880.0199999999998
tensor([[1.]])
obs tensor([[0., 0., 0.,  ..., 0., 0., 0.]])
action tensor([[ 0,  1,  2,  7,  2,  9,  6,  7,  7,  9,  9,  9, 12,  9,  9,  9, 12,  9,
          9]])
CURRENT 6900 [ 0  1  2  7  2  9  6  7  7  9  9  9 12  9  9  9 12  9  9] 0.0 0.0 880.0199999999998
tensor([[1.]])
obs tensor([[0., 0., 0.,  ..., 0., 0., 0.]])
action tensor([[ 0,  1,  2,  7,  2,  9,  6,  7,  7,  9,  9,  9, 12,  9,  9,  9, 12,  9,
          9]])
CURRENT 7200 [ 0  1  2  7  2  9  6  7  7  9  9  9 12  9  9  9 12  9  9] 0.0 0.0 880.0199999999998
tensor([[1.]])
obs tensor([[0., 0., 0.,  ..., 0., 0., 0.]])
action tensor([[ 0,  1,  2,  7,  2,  9,  6,  7,  7,  9,  9,  9, 12,  9,  9,  9, 12,  9,
          9]])
CURRENT 7500 [ 0  1  2  7  2  9  6  7  7  9  9  9 12  9  9  9 12  9  9] 0.0 0.0 880.0199999999998
tensor([[1.]])
obs tensor([[0., 0., 0.,  ..., 0., 0., 0.]])
action tensor([[ 0,  1,  2,  7,  2,  9,  6,  7,  7,  9,  9,  9, 12,  9,  9,  9, 12,  9,
          9]])
CURRENT 7800 [ 0  1  2  7  2  9  6  7  7  9  9  9 12  9  9  9 12  9  9] 0.0 0.0 880.0199999999998
tensor([[1.]])
obs tensor([[0., 0., 0.,  ..., 0., 0., 0.]])
action tensor([[ 0,  1,  2,  7,  2,  9,  6,  7,  7,  9,  9,  9, 12,  9,  9,  9, 12,  9,
          9]])
CURRENT 8100 [ 0  1  2  7  2  9  6  7  7  9  9  9 12  9  9  9 12  9  9] 0.0 0.0 880.0199999999998
tensor([[1.]])
obs tensor([[0., 0., 0.,  ..., 0., 0., 0.]])
action tensor([[ 0,  1,  2,  7,  2,  9,  6,  7,  7,  9,  9,  9, 12,  9,  9,  9, 12,  9,
          9]])
CURRENT 8400 [ 0  1  2  7  2  9  6  7  7  9  9  9 12  9  9  9 12  9  9] 0.0 0.0 880.0199999999998
tensor([[1.]])
obs tensor([[0., 0., 0.,  ..., 0., 0., 0.]])
action tensor([[ 0,  1,  2,  7,  2,  9,  6,  7,  7,  9,  9,  9, 12,  9,  9,  9, 12,  9,
          9]])
CURRENT 8700 [ 0  1  2  7  2  9  6  7  7  9  9  9 12  9  9  9 12  9  9] 0.0 0.0 880.0199999999998
reset simulator configure
tensor([[0.]])
ここでtest終了
初回のスコア 880.0199 [144.4199981689453, 96.83999633789062, 91.9800033569336, 91.80000305175781, 87.54000091552734, 68.27999877929688, 54.599998474121094, 42.18000030517578, 38.279998779296875, 37.68000030517578, 33.36000061035156, 33.18000030517578, 30.059999465942383, 23.81999969482422, 5.820000171661377, 0.05999999865889549, 0.05999999865889549, 0.05999999865889549, 0.0, 0.0, 0.0, 0.0, 0.0, 0.0, 0.0, 0.0, 0.0, 0.0, 0.0, 0.0]
initial score:	880.0198974609375

endTime
logInterval
remove
remove
