<Section: TEST>
(None, None)
<Section: CURRICULUM>
logs/Curriculum
loading:  logs/Curriculum20200826/model_274
loading:  logs/Curriculum20200826/model_660
shelter_id 0 [0, 1, 6, 2, 5, 7, 12, 10, 9, 4, 8, 13, 3, 11, 14, 16, 15, 17, 18]
shelter_id 1 [1, 2, 7, 0, 4, 9, 8, 10, 3, 6, 5, 13, 11, 12, 14, 15, 16, 17, 18]
shelter_id 2 [2, 1, 7, 4, 8, 0, 3, 9, 10, 11, 6, 5, 13, 14, 12, 15, 17, 16, 18]
shelter_id 3 [3, 4, 8, 11, 7, 2, 14, 1, 9, 10, 15, 6, 5, 13, 0, 17, 18, 12, 16]
shelter_id 4 [4, 3, 2, 1, 8, 11, 7, 14, 0, 9, 10, 15, 6, 5, 13, 17, 18, 12, 16]
shelter_id 5 [5, 10, 9, 12, 6, 13, 7, 0, 11, 8, 1, 14, 16, 2, 3, 15, 4, 17, 18]
shelter_id 6 [6, 5, 0, 12, 10, 9, 7, 8, 13, 1, 2, 11, 3, 4, 14, 16, 15, 17, 18]
shelter_id 7 [7, 8, 9, 10, 2, 1, 11, 3, 5, 13, 6, 4, 14, 0, 12, 15, 17, 16, 18]
shelter_id 8 [8, 7, 11, 3, 9, 2, 10, 1, 4, 14, 6, 5, 13, 15, 0, 12, 17, 18, 16]
shelter_id 9 [9, 10, 5, 13, 7, 11, 8, 1, 6, 12, 2, 14, 3, 0, 15, 4, 16, 17, 18]
shelter_id 10 [10, 9, 5, 13, 7, 11, 8, 6, 1, 12, 2, 14, 3, 0, 15, 16, 4, 17, 18]
shelter_id 11 [11, 14, 8, 3, 9, 10, 7, 4, 13, 5, 15, 2, 1, 17, 6, 12, 18, 0, 16]
shelter_id 12 [12, 5, 13, 6, 10, 9, 0, 7, 16, 14, 11, 8, 1, 15, 2, 3, 17, 18, 4]
shelter_id 13 [13, 10, 9, 5, 12, 14, 7, 15, 11, 16, 6, 8, 1, 2, 17, 0, 3, 18, 4]
shelter_id 14 [14, 11, 15, 13, 17, 8, 3, 9, 10, 7, 18, 4, 5, 12, 16, 2, 1, 6, 0]
shelter_id 15 [15, 17, 14, 18, 13, 11, 16, 9, 10, 8, 7, 3, 5, 12, 4, 2, 1, 6, 0]
shelter_id 16 [16, 13, 15, 17, 18, 5, 12, 10, 14, 9, 6, 11, 7, 8, 1, 0, 3, 2, 4]
shelter_id 17 [17, 18, 15, 14, 16, 11, 13, 3, 9, 10, 8, 7, 4, 5, 12, 2, 1, 6, 0]
shelter_id 18 [18, 17, 15, 16, 14, 13, 11, 9, 3, 10, 8, 7, 5, 12, 4, 2, 1, 6, 0]
reset simulator configure
logs/time_once/sim_result_0
INIT
obs tensor([[0., 0., 0.,  ..., 0., 0., 0.]])
action tensor([[ 0,  1,  2,  3,  4,  5,  6,  7,  8,  3, 10, 11, 12, 13, 14, 15, 12, 17,
         18]])
CURRENT 0 [ 0  1  2  3  4  5  6  7  8  3 10 11 12 13 14 15 12 17 18] 158.64 0 0
obs tensor([[0., 0., 0.,  ..., 0., 0., 1.]])
action tensor([[ 0,  1,  2,  3,  4,  5,  6,  7,  8,  9, 10, 11, 12, 13, 14, 15, 16, 17,
         18]])
CURRENT 300 [ 0  1  2  3  4  5  6  7  8  9 10 11 12 13 14 15 16 17 18] 98.16 0 0
obs tensor([[0., 0., 0.,  ..., 0., 0., 1.]])
action tensor([[ 0,  1,  2,  3,  4,  5,  6,  7,  8,  9, 10, 11, 12, 13, 14, 15,  5, 17,
         18]])
CURRENT 600 [ 0  1  2  3  4  5  6  7  8  9 10 11 12 13 14 15  5 17 18] 96.6 0 0
obs tensor([[0., 0., 0.,  ..., 0., 0., 1.]])
action tensor([[ 0,  1,  2,  8,  2,  5,  6,  7,  8, 12, 10, 11, 12, 13, 11, 15, 12, 15,
         15]])
CURRENT 900 [ 0  1  2  8  2  5  6  7  8 12 10 11 12 13 11 15 12 15 15] 91.86 0 0
obs tensor([[0., 0., 0.,  ..., 0., 0., 0.]])
action tensor([[ 0,  1,  2,  8,  2,  5,  6,  7,  8, 12, 10, 11, 12, 10, 11, 11, 11, 11,
         11]])
CURRENT 1200 [ 0  1  2  8  2  5  6  7  8 12 10 11 12 10 11 11 11 11 11] 75.24 0 0
obs tensor([[0., 0., 0.,  ..., 0., 0., 0.]])
action tensor([[ 0,  1,  2,  8,  2,  5,  6,  7,  8,  9, 10, 11, 12, 10, 11, 11, 11, 11,
         11]])
CURRENT 1500 [ 0  1  2  8  2  5  6  7  8  9 10 11 12 10 11 11 11 11 11] 55.26 0 0
obs tensor([[0., 0., 0.,  ..., 0., 0., 0.]])
action tensor([[ 0,  1,  2,  8,  2,  5,  6,  7,  8, 11, 10, 11, 12, 10, 11, 11, 11, 11,
         11]])
CURRENT 1800 [ 0  1  2  8  2  5  6  7  8 11 10 11 12 10 11 11 11 11 11] 53.1 0 0
obs tensor([[0., 0., 0.,  ..., 0., 0., 0.]])
action tensor([[ 0,  1,  2,  8,  2,  5,  6,  7,  8,  7, 10,  8, 12, 10,  8,  9, 12,  9,
          9]])
CURRENT 2100 [ 0  1  2  8  2  5  6  7  8  7 10  8 12 10  8  9 12  9  9] 52.08 0 0
obs tensor([[0., 0., 0.,  ..., 0., 0., 0.]])
action tensor([[ 0,  1,  2,  7,  2,  5,  6,  7,  7, 12, 10,  9, 12, 10,  9,  9, 12,  9,
          9]])
CURRENT 2400 [ 0  1  2  7  2  5  6  7  7 12 10  9 12 10  9  9 12  9  9] 48.42 0 0
obs tensor([[0., 0., 0.,  ..., 0., 0., 0.]])
action tensor([[ 0,  1,  2,  7,  2,  5,  6,  7,  7,  9, 10,  9, 12, 10,  9,  9, 12,  9,
          9]])
CURRENT 2700 [ 0  1  2  7  2  5  6  7  7  9 10  9 12 10  9  9 12  9  9] 27.0 0 0
obs tensor([[0., 0., 0.,  ..., 0., 0., 0.]])
action tensor([[ 0,  1,  2,  7,  2,  5,  6,  7,  7,  9, 10,  9, 12, 10,  9,  9, 12,  9,
          9]])
CURRENT 3000 [ 0  1  2  7  2  5  6  7  7  9 10  9 12 10  9  9 12  9  9] 5.4 0 0
obs tensor([[0., 0., 0.,  ..., 0., 0., 0.]])
action tensor([[ 0,  1,  2,  7,  2,  5,  6,  7,  7,  9, 10,  9, 12, 10,  9,  9, 12,  9,
          9]])
CURRENT 3300 [ 0  1  2  7  2  5  6  7  7  9 10  9 12 10  9  9 12  9  9] 1.98 0 0
obs tensor([[0., 0., 0.,  ..., 0., 0., 0.]])
action tensor([[ 0,  1,  2,  7,  2,  5,  6,  7,  7,  9, 10,  9, 12, 10,  9,  9, 12,  9,
          9]])
CURRENT 3600 [ 0  1  2  7  2  5  6  7  7  9 10  9 12 10  9  9 12  9  9] 1.8 0 0
obs tensor([[0., 0., 0.,  ..., 0., 0., 0.]])
action tensor([[ 0,  1,  2,  7,  2,  5,  6,  7,  7,  9, 10,  9, 12, 10,  9,  9, 12,  9,
          9]])
CURRENT 3900 [ 0  1  2  7  2  5  6  7  7  9 10  9 12 10  9  9 12  9  9] 1.8 0 0
obs tensor([[0., 0., 0.,  ..., 0., 0., 0.]])
action tensor([[ 0,  1,  2,  7,  2,  5,  6,  7,  7,  9, 10,  9, 12, 10,  9,  9, 12,  9,
          9]])
CURRENT 4200 [ 0  1  2  7  2  5  6  7  7  9 10  9 12 10  9  9 12  9  9] 1.8 0 0
obs tensor([[0., 0., 0.,  ..., 0., 0., 0.]])
action tensor([[ 0,  1,  2,  7,  2,  5,  6,  7,  7, 12, 10, 10, 12, 10, 10, 10, 12, 10,
         10]])
CURRENT 4500 [ 0  1  2  7  2  5  6  7  7 12 10 10 12 10 10 10 12 10 10] 1.8 0 0
obs tensor([[0., 0., 0.,  ..., 0., 0., 0.]])
action tensor([[ 0,  1,  2,  7,  2,  5,  6,  7,  7, 12, 10, 10, 12, 10, 10, 10, 12, 10,
         10]])
CURRENT 4800 [ 0  1  2  7  2  5  6  7  7 12 10 10 12 10 10 10 12 10 10] 1.8 0 0
obs tensor([[0., 0., 0.,  ..., 0., 0., 0.]])
action tensor([[ 0,  1,  2,  7,  2,  5,  6,  7,  7, 10, 10, 10, 12, 10, 10, 10, 12, 10,
         10]])
CURRENT 5100 [ 0  1  2  7  2  5  6  7  7 10 10 10 12 10 10 10 12 10 10] 1.8 0 0
obs tensor([[0., 0., 0.,  ..., 0., 0., 0.]])
action tensor([[ 0,  1,  2,  7,  2,  5,  6,  7,  7, 12, 10, 10, 12, 10, 10, 10, 12, 10,
         10]])
CURRENT 5400 [ 0  1  2  7  2  5  6  7  7 12 10 10 12 10 10 10 12 10 10] 1.5 0 0
obs tensor([[0., 0., 0.,  ..., 0., 0., 0.]])
action tensor([[ 0,  1,  2,  7,  2,  5,  6,  7,  7,  7, 10, 10, 12, 10, 10, 10, 12, 10,
         10]])
CURRENT 5700 [ 0  1  2  7  2  5  6  7  7  7 10 10 12 10 10 10 12 10 10] 1.5 0 0
obs tensor([[0., 0., 0.,  ..., 0., 0., 0.]])
action tensor([[ 0,  1,  2,  7,  2,  5,  6,  7,  7,  7, 10, 10, 12, 10, 10, 10, 12, 10,
         10]])
CURRENT 6000 [ 0  1  2  7  2  5  6  7  7  7 10 10 12 10 10 10 12 10 10] 1.5 0 0
obs tensor([[0., 0., 0.,  ..., 0., 0., 0.]])
action tensor([[ 0,  1,  2,  7,  2,  5,  6,  7,  7,  7, 10, 10,  5, 10, 10, 10,  7, 10,
         10]])
CURRENT 6300 [ 0  1  2  7  2  5  6  7  7  7 10 10  5 10 10 10  7 10 10] 1.5 0 0
obs tensor([[0., 0., 0.,  ..., 0., 0., 0.]])
action tensor([[ 0,  1,  2,  7,  2,  5,  6,  7,  7,  7, 10, 10,  5, 10, 10, 10,  7, 10,
         10]])
CURRENT 6600 [ 0  1  2  7  2  5  6  7  7  7 10 10  5 10 10 10  7 10 10] 0.6 0 0
obs tensor([[0., 0., 0.,  ..., 0., 0., 0.]])
action tensor([[ 0,  1,  2,  7,  2,  5,  6,  7,  7,  7, 10, 10,  5, 10, 10, 10,  7, 10,
         10]])
CURRENT 6900 [ 0  1  2  7  2  5  6  7  7  7 10 10  5 10 10 10  7 10 10] 0.06 0 0
obs tensor([[0., 0., 0.,  ..., 0., 0., 0.]])
action tensor([[ 0,  1,  2,  7,  2,  5,  6,  7,  7, 10, 10, 10,  5, 10, 10, 10,  7, 10,
         10]])
CURRENT 7200 [ 0  1  2  7  2  5  6  7  7 10 10 10  5 10 10 10  7 10 10] 0.0 0 0
obs tensor([[0., 0., 0.,  ..., 0., 0., 0.]])
action tensor([[ 0,  1,  2,  7,  2,  5,  6,  7,  7, 10, 10, 10,  5, 10, 10, 10,  7, 10,
         10]])
CURRENT 7500 [ 0  1  2  7  2  5  6  7  7 10 10 10  5 10 10 10  7 10 10] 0.0 0 0
obs tensor([[0., 0., 0.,  ..., 0., 0., 0.]])
action tensor([[ 0,  1,  2,  7,  2,  5,  6,  7,  7, 10, 10, 10,  5, 10, 10, 10,  7, 10,
         10]])
CURRENT 7800 [ 0  1  2  7  2  5  6  7  7 10 10 10  5 10 10 10  7 10 10] 0.0 0 0
obs tensor([[0., 0., 0.,  ..., 0., 0., 0.]])
action tensor([[ 0,  1,  2,  7,  2,  5,  6,  7,  7, 10, 10, 10,  5, 10, 10, 10,  7, 10,
         10]])
CURRENT 8100 [ 0  1  2  7  2  5  6  7  7 10 10 10  5 10 10 10  7 10 10] 0.0 0 0
obs tensor([[0., 0., 0.,  ..., 0., 0., 0.]])
action /usr/local/lib/python3.8/dist-packages/gym/logger.py:30: UserWarning: [33mWARN: Box bound precision lowered by casting to float32[0m
  warnings.warn(colorize('%s: %s'%('WARN', msg % args), 'yellow'))
tensor([[ 0,  1,  2,  7,  2,  5,  6,  7,  7, 10, 10, 10,  5, 10, 10, 10,  7, 10,
         10]])
CURRENT 8400 [ 0  1  2  7  2  5  6  7  7 10 10 10  5 10 10 10  7 10 10] 0.0 0 0
obs tensor([[0., 0., 0.,  ..., 0., 0., 0.]])
action tensor([[ 0,  1,  2,  7,  2,  5,  6,  7,  7, 10, 10, 10,  5, 10, 10, 10,  7, 10,
         10]])
CURRENT 8700 [ 0  1  2  7  2  5  6  7  7 10 10 10  5 10 10 10  7 10 10] 0.0 0 0
reset simulator configure
ここでtest終了
初回のスコア 927.1968 [0.0, 0.0, 0.0, 0.0, 0.0, 0.0, 0.0, 0.0, 0.0, 0.0, 0.0, 0.0, 0.0, 0.0, 0.0, 0.0, 0.0, 0.0, 0.0, 0.0, 0.0, 0.0, 0.0, 0.0, 0.0, 0.0, 0.0, 0.0, 0.0, 0.0] 927.1968
initial score:	927.1968

endTime
logInterval
remove
remove
