#time	uid	from	to	dest	grp	keep_via
84	1291	56	0	82	82	0
86	878	56	0	82	82	0
90	3816	56	0	82	82	0
95	988	56	0	82	82	0
98	1989	56	0	82	82	0
100	1833	56	0	82	82	0
101	1552	56	0	82	82	0
107	4509	56	0	82	82	0
112	435	56	0	82	82	0
116	37	56	0	82	82	0
116	1382	56	0	82	82	0
122	479	56	0	82	82	0
134	4784	56	0	82	82	0
139	3449	56	0	82	82	0
139	3508	56	0	82	82	0
140	2011	56	0	82	82	0
141	2535	56	0	82	82	0
142	1336	56	0	82	82	0
152	4687	56	0	82	82	0
153	4754	56	0	82	82	0
160	1351	56	0	82	82	0
162	25	56	0	82	82	0
168	3833	56	0	82	82	0
170	3970	56	0	82	82	0
171	1228	56	0	82	82	0
171	3709	56	0	82	82	0
181	4979	56	0	82	82	0
184	3322	56	0	82	82	0
187	2199	56	0	82	82	0
199	2036	56	0	82	82	0
202	4916	56	0	82	82	0
205	4831	56	0	82	82	0
206	4067	56	0	82	82	0
206	2768	56	0	82	82	0
207	4542	56	0	82	82	0
208	1491	56	0	82	82	0
211	1044	56	0	82	82	0
214	2672	56	0	82	82	0
215	2671	56	0	82	82	0
216	156	56	0	82	82	0
224	1750	56	0	82	82	0
225	2645	56	0	82	82	0
226	1826	56	0	82	82	0
231	153	56	0	82	82	0
231	737	56	0	82	82	0
235	1506	56	0	82	82	0
244	2146	56	0	82	82	0
247	3371	56	0	82	82	0
250	645	56	0	82	82	0
251	1321	56	0	82	82	0
253	3630	56	0	82	82	0
257	753	56	0	82	82	0
260	2037	56	0	82	82	0
261	4568	56	0	82	82	0
267	1392	56	0	82	82	0
268	2262	56	0	82	82	0
269	4104	56	0	82	82	0
273	1096	56	0	82	82	0
274	615	56	0	82	82	0
276	2950	56	0	82	82	0
276	3188	56	0	82	82	0
281	1173	56	0	82	82	0
283	2739	56	0	82	82	0
286	2975	56	0	82	82	0
289	3792	56	0	82	82	0
301	4406	605	0	204	204	0
301	298	605	0	204	204	0
301	2786	605	0	204	204	0
301	792	605	0	204	204	0
301	4487	605	0	204	204	0
301	879	605	0	204	204	0
301	2734	605	0	204	204	0
301	1072	605	0	204	204	0
301	4872	605	0	204	204	0
301	4465	605	0	204	204	0
301	2951	605	0	204	204	0
301	4469	605	0	204	204	0
301	2726	605	0	204	204	0
301	4451	605	0	204	204	0
301	4457	605	0	204	204	0
301	3456	605	0	204	204	0
301	3145	605	0	204	204	0
301	1838	605	0	204	204	0
301	2926	605	0	204	204	0
301	2005	605	0	204	204	0
301	2138	605	0	204	204	0
301	3817	605	0	204	204	0
301	2288	605	0	204	204	0
301	2327	605	0	204	204	0
301	4052	605	0	204	204	0
302	2831	605	0	204	204	0
302	4708	605	0	204	204	0
302	1774	605	0	204	204	0
302	4334	605	0	204	204	0
302	4890	605	0	204	204	0
303	162	605	0	204	204	0
303	4643	605	0	204	204	0
303	333	605	0	204	204	0
303	501	605	0	204	204	0
303	1145	605	0	204	204	0
303	1400	605	0	204	204	0
303	3793	605	0	204	204	0
303	2115	605	0	204	204	0
304	3542	605	0	204	204	0
304	715	605	0	204	204	0
304	4142	605	0	204	204	0
304	1170	605	0	204	204	0
304	4430	605	0	204	204	0
304	3776	605	0	204	204	0
305	4101	605	0	204	204	0
305	2606	605	0	204	204	0
305	3843	605	0	204	204	0
305	1869	605	0	204	204	0
305	3879	605	0	204	204	0
306	3376	605	0	204	204	0
306	4896	605	0	204	204	0
306	4087	605	0	204	204	0
306	3696	605	0	204	204	0
307	1107	605	0	204	204	0
307	1118	605	0	204	204	0
307	3619	605	0	204	204	0
307	3685	605	0	204	204	0
307	1836	605	0	204	204	0
307	2135	605	0	204	204	0
307	3405	605	0	204	204	0
308	95	605	0	204	204	0
308	3706	605	0	204	204	0
308	4773	605	0	204	204	0
308	1025	605	0	204	204	0
308	4657	605	0	204	204	0
308	3574	605	0	204	204	0
309	3622	605	0	204	204	0
309	1021	605	0	204	204	0
309	1069	605	0	204	204	0
309	2082	605	0	204	204	0
310	993	605	0	204	204	0
310	3446	605	0	204	204	0
310	2109	605	0	204	204	0
310	2123	605	0	204	204	0
311	145	605	0	204	204	0
311	4724	605	0	204	204	0
311	1888	605	0	204	204	0
311	3715	605	0	204	204	0
312	4936	605	0	204	204	0
312	789	605	0	204	204	0
312	4158	605	0	204	204	0
313	4857	605	0	204	204	0
313	3599	605	0	204	204	0
313	3839	605	0	204	204	0
314	3260	605	0	204	204	0
314	907	605	0	204	204	0
314	4999	605	0	204	204	0
314	1427	605	0	204	204	0
315	1572	605	0	204	204	0
315	3381	605	0	204	204	0
315	1700	605	0	204	204	0
315	3179	605	0	204	204	0
316	3344	605	0	204	204	0
316	3579	605	0	204	204	0
316	4736	605	0	204	204	0
316	2945	605	0	204	204	0
317	848	605	0	204	204	0
317	1258	605	0	204	204	0
317	1536	605	0	204	204	0
317	2205	605	0	204	204	0
318	920	605	0	204	204	0
318	4190	605	0	204	204	0
318	1330	605	0	204	204	0
318	2180	605	0	204	204	0
319	4801	605	0	204	204	0
319	4443	605	0	204	204	0
319	1407	605	0	204	204	0
319	2714	605	0	204	204	0
320	177	605	0	204	204	0
320	379	605	0	204	204	0
320	4249	605	0	204	204	0
321	297	605	0	204	204	0
321	701	605	0	204	204	0
321	1746	605	0	204	204	0
322	168	605	0	204	204	0
322	2757	605	0	204	204	0
322	1028	605	0	204	204	0
322	1698	605	0	204	204	0
323	782	605	0	204	204	0
323	4480	605	0	204	204	0
324	24	605	0	204	204	0
324	3195	605	0	204	204	0
324	923	605	0	204	204	0
324	2936	605	0	204	204	0
324	2659	605	0	204	204	0
325	237	605	0	204	204	0
325	1130	605	0	204	204	0
325	3633	605	0	204	204	0
326	3690	605	0	204	204	0
326	952	605	0	204	204	0
327	2921	605	0	204	204	0
327	2821	605	0	204	204	0
327	4799	605	0	204	204	0
327	2203	605	0	204	204	0
328	4589	605	0	204	204	0
328	1238	605	0	204	204	0
328	1349	605	0	204	204	0
328	4196	605	0	204	204	0
329	3382	605	0	204	204	0
329	4560	605	0	204	204	0
329	4276	605	0	204	204	0
329	1634	605	0	204	204	0
330	4727	605	0	204	204	0
330	1162	605	0	204	204	0
330	3230	605	0	204	204	0
331	3939	605	0	204	204	0
331	1320	605	0	204	204	0
331	1850	605	0	204	204	0
332	2350	605	0	204	204	0
332	1878	605	0	204	204	0
333	3903	605	0	204	204	0
333	1295	605	0	204	204	0
333	1414	605	0	204	204	0
333	4269	605	0	204	204	0
334	2326	605	0	204	204	0
334	924	605	0	204	204	0
334	2897	605	0	204	204	0
334	1369	605	0	204	204	0
334	2513	605	0	204	204	0
335	74	605	0	204	204	0
335	2598	605	0	204	204	0
335	4462	605	0	204	204	0
335	2730	605	0	204	204	0
336	3053	605	0	204	204	0
336	3233	605	0	204	204	0
336	1040	605	0	204	204	0
336	3682	605	0	204	204	0
336	2540	605	0	204	204	0
337	661	605	0	204	204	0
337	849	605	0	204	204	0
337	2210	605	0	204	204	0
337	1334	605	0	204	204	0
337	1787	605	0	204	204	0
338	286	605	0	204	204	0
338	802	605	0	204	204	0
338	4291	605	0	204	204	0
339	2187	605	0	204	204	0
339	295	605	0	204	204	0
340	420	605	0	204	204	0
340	517	605	0	204	204	0
341	413	605	0	204	204	0
342	608	605	0	204	204	0
342	2707	605	0	204	204	0
343	2576	605	0	204	204	0
343	1611	605	0	204	204	0
344	4714	605	0	204	204	0
344	4349	605	0	204	204	0
344	1418	605	0	204	204	0
344	1573	605	0	204	204	0
344	1937	605	0	204	204	0
345	3795	605	0	204	204	0
345	4737	605	0	204	204	0
346	808	605	0	204	204	0
346	3029	605	0	204	204	0
346	4938	605	0	204	204	0
347	2914	605	0	204	204	0
348	2657	605	0	204	204	0
348	1136	605	0	204	204	0
348	2791	605	0	204	204	0
349	2174	605	0	204	204	0
349	1529	605	0	204	204	0
350	2447	605	0	204	204	0
350	2016	605	0	204	204	0
351	3455	605	0	204	204	0
351	4594	605	0	204	204	0
352	579	605	0	204	204	0
352	4268	605	0	204	204	0
353	2235	605	0	204	204	0
354	423	605	0	204	204	0
354	1993	605	0	204	204	0
355	2463	605	0	204	204	0
355	344	605	0	204	204	0
355	714	605	0	204	204	0
356	3044	605	0	204	204	0
356	3966	605	0	204	204	0
357	1550	605	0	204	204	0
358	2841	605	0	204	204	0
358	1303	605	0	204	204	0
359	2880	605	0	204	204	0
359	3349	605	0	204	204	0
360	448	605	0	204	204	0
360	1308	605	0	204	204	0
360	1876	605	0	204	204	0
361	3142	605	0	204	204	0
361	1406	605	0	204	204	0
362	2333	605	0	204	204	0
362	4521	605	0	204	204	0
363	1388	605	0	204	204	0
364	2407	605	0	204	204	0
364	2368	605	0	204	204	0
365	259	605	0	204	204	0
365	780	605	0	204	204	0
366	102	605	0	204	204	0
366	3852	605	0	204	204	0
366	4258	605	0	204	204	0
366	1331	605	0	204	204	0
366	4891	605	0	204	204	0
367	388	605	0	204	204	0
367	1390	605	0	204	204	0
368	4933	605	0	204	204	0
370	3355	605	0	204	204	0
371	1493	605	0	204	204	0
375	3030	605	0	204	204	0
375	4486	605	0	204	204	0
376	2562	605	0	204	204	0
376	4497	605	0	204	204	0
377	2919	605	0	204	204	0
378	466	605	0	204	204	0
378	1904	605	0	204	204	0
379	1556	605	0	204	204	0
381	1501	605	0	204	204	0
384	3138	605	0	204	204	0
384	530	605	0	204	204	0
384	2898	605	0	204	204	0
384	3794	605	0	204	204	0
384	4762	605	0	204	204	0
385	3585	605	0	204	204	0
385	1649	605	0	204	204	0
389	3395	605	0	204	204	0
390	4201	605	0	204	204	0
390	3563	605	0	204	204	0
392	4825	605	0	204	204	0
394	4248	605	0	204	204	0
398	2184	605	0	204	204	0
400	3906	605	0	204	204	0
401	4998	605	0	204	204	0
404	2018	605	0	204	204	0
405	1900	605	0	204	204	0
407	981	605	0	204	204	0
408	4535	605	0	204	204	0
409	2277	605	0	204	204	0
409	4634	605	0	204	204	0
409	1381	605	0	204	204	0
410	2435	605	0	204	204	0
411	3524	605	0	204	204	0
413	307	605	0	204	204	0
413	793	605	0	204	204	0
416	3109	605	0	204	204	0
417	4887	605	0	204	204	0
419	2359	605	0	204	204	0
420	376	605	0	204	204	0
420	604	605	0	204	204	0
423	1492	605	0	204	204	0
424	643	605	0	204	204	0
425	3163	605	0	204	204	0
426	4711	605	0	204	204	0
427	558	605	0	204	204	0
428	1394	605	0	204	204	0
428	1583	605	0	204	204	0
431	2686	605	0	204	204	0
432	311	605	0	204	204	0
433	3352	605	0	204	204	0
437	648	605	0	204	204	0
441	3146	605	0	204	204	0
447	2873	605	0	204	204	0
450	2918	605	0	204	204	0
453	2852	605	0	204	204	0
454	4879	605	0	204	204	0
458	194	605	0	204	204	0
459	485	605	0	204	204	0
459	769	605	0	204	204	0
460	1153	605	0	204	204	0
462	3087	605	0	204	204	0
464	3766	605	0	204	204	0
465	4061	605	0	204	204	0
466	4134	605	0	204	204	0
467	4165	605	0	204	204	0
476	2119	605	0	204	204	0
479	1569	605	0	204	204	0
483	4579	605	0	204	204	0
483	2023	605	0	204	204	0
488	1952	605	0	204	204	0
493	3952	605	0	204	204	0
494	1087	605	0	204	204	0
497	1926	605	0	204	204	0
499	4755	605	0	204	204	0
511	877	605	0	204	204	0
512	698	605	0	204	204	0
517	4206	605	0	204	204	0
525	4246	605	0	204	204	0
528	436	605	0	204	204	0
584	4515	605	0	204	204	0
611	2509	605	0	204	204	0
617	1012	605	0	204	204	0
674	1504	605	0	204	204	0
675	113	605	0	204	204	0
692	3444	605	0	204	204	0
693	996	605	0	204	204	0
726	381	605	0	204	204	0
901	55	886	0	637	637	0
901	4623	834	0	637	637	0
901	157	886	0	637	637	0
901	1852	136	0	265	265	0
901	2328	204	0	95	95	0
901	229	204	0	95	95	0
901	236	136	0	265	265	0
901	2108	136	0	265	265	0
901	248	886	0	637	637	0
901	2981	204	0	95	95	0
901	4085	204	0	95	95	0
901	3042	834	0	637	637	0
901	4553	204	0	95	95	0
901	2057	204	0	95	95	0
901	4745	834	0	637	637	0
901	3838	834	0	637	637	0
901	2939	136	0	265	265	0
901	2712	136	0	265	265	0
901	4827	886	0	637	637	0
901	2760	136	0	265	265	0
901	3379	834	0	637	637	0
901	2565	834	0	637	637	0
901	584	204	0	95	95	0
901	4391	834	0	637	637	0
901	4482	204	0	95	95	0
901	3220	834	0	637	637	0
901	3809	204	0	95	95	0
901	2954	834	0	637	637	0
901	2571	136	0	265	265	0
901	910	136	0	265	265	0
901	2720	834	0	637	637	0
901	2957	886	0	637	637	0
901	1840	204	0	95	95	0
901	4147	834	0	637	637	0
901	3088	834	0	637	637	0
901	1068	834	0	637	637	0
901	2865	136	0	265	265	0
901	3293	136	0	265	265	0
901	3512	834	0	637	637	0
901	4455	136	0	265	265	0
901	3389	834	0	637	637	0
901	3635	136	0	265	265	0
901	1953	834	0	637	637	0
901	3996	834	0	637	637	0
901	4930	834	0	637	637	0
901	3119	834	0	637	637	0
901	3835	136	0	265	265	0
901	2559	204	0	95	95	0
901	2510	834	0	637	637	0
901	2972	136	0	265	265	0
901	4698	834	0	637	637	0
902	4031	886	0	637	637	0
902	2276	136	0	265	265	0
902	4187	834	0	637	637	0
902	3435	834	0	637	637	0
903	51	834	0	637	637	0
903	4695	136	0	265	265	0
903	96	204	0	95	95	0
903	163	834	0	637	637	0
903	4426	204	0	95	95	0
903	212	834	0	637	637	0
903	3745	834	0	637	637	0
903	3274	886	0	637	637	0
903	4853	834	0	637	637	0
903	2196	136	0	265	265	0
903	2693	136	0	265	265	0
903	1046	834	0	637	637	0
903	4227	834	0	637	637	0
903	3017	204	0	95	95	0
903	4866	886	0	637	637	0
903	3057	136	0	265	265	0
904	2685	886	0	637	637	0
904	322	834	0	637	637	0
904	3746	204	0	95	95	0
904	3938	136	0	265	265	0
904	2867	834	0	637	637	0
904	505	834	0	637	637	0
904	2490	834	0	637	637	0
904	817	834	0	637	637	0
904	957	204	0	95	95	0
904	1013	834	0	637	637	0
904	1868	136	0	265	265	0
905	4508	886	0	637	637	0
905	4230	136	0	265	265	0
905	4767	834	0	637	637	0
905	3596	136	0	265	265	0
905	3420	834	0	637	637	0
905	680	886	0	637	637	0
905	2198	204	0	95	95	0
905	3124	834	0	637	637	0
905	2544	834	0	637	637	0
905	4934	834	0	637	637	0
905	3740	204	0	95	95	0
905	3998	834	0	637	637	0
906	1978	834	0	637	637	0
906	4407	204	0	95	95	0
906	4908	834	0	637	637	0
906	205	834	0	637	637	0
906	287	136	0	265	265	0
906	3401	834	0	637	637	0
906	588	834	0	637	637	0
906	691	886	0	637	637	0
906	4576	204	0	95	95	0
906	2372	834	0	637	637	0
906	1442	136	0	265	265	0
907	4868	886	0	637	637	0
907	452	204	0	95	95	0
907	502	886	0	637	637	0
907	605	834	0	637	637	0
907	4345	834	0	637	637	0
907	752	834	0	637	637	0
907	3465	204	0	95	95	0
907	2195	136	0	265	265	0
907	1578	136	0	265	265	0
908	65	834	0	637	637	0
908	219	834	0	637	637	0
908	3272	204	0	95	95	0
908	231	886	0	637	637	0
908	2297	204	0	95	95	0
908	2963	136	0	265	265	0
908	2426	136	0	265	265	0
908	4312	886	0	637	637	0
908	3310	834	0	637	637	0
908	1189	834	0	637	637	0
908	4803	834	0	637	637	0
908	1448	834	0	637	637	0
909	3096	834	0	637	637	0
909	3721	834	0	637	637	0
909	3479	834	0	637	637	0
909	3410	834	0	637	637	0
909	2724	136	0	265	265	0
909	3117	136	0	265	265	0
909	1065	204	0	95	95	0
909	3890	834	0	637	637	0
909	2484	834	0	637	637	0
909	1396	204	0	95	95	0
910	1696	834	0	637	637	0
910	2651	834	0	637	637	0
910	2537	834	0	637	637	0
910	574	886	0	637	637	0
910	580	136	0	265	265	0
910	3727	136	0	265	265	0
910	4076	834	0	637	637	0
910	1067	204	0	95	95	0
910	4856	886	0	637	637	0
910	2039	834	0	637	637	0
910	2741	834	0	637	637	0
911	3261	834	0	637	637	0
911	30	886	0	637	637	0
911	71	834	0	637	637	0
911	4537	204	0	95	95	0
911	4136	886	0	637	637	0
911	1747	136	0	265	265	0
911	2920	834	0	637	637	0
911	1090	136	0	265	265	0
911	1486	204	0	95	95	0
911	3224	834	0	637	637	0
912	1929	834	0	637	637	0
912	3929	204	0	95	95	0
912	3259	834	0	637	637	0
912	4722	136	0	265	265	0
912	733	204	0	95	95	0
912	4694	886	0	637	637	0
912	2923	886	0	637	637	0
912	1079	834	0	637	637	0
912	2804	834	0	637	637	0
912	2396	834	0	637	637	0
913	4146	136	0	265	265	0
913	129	204	0	95	95	0
913	3935	886	0	637	637	0
913	525	834	0	637	637	0
913	2820	834	0	637	637	0
913	831	834	0	637	637	0
913	2643	834	0	637	637	0
913	4552	204	0	95	95	0
913	2442	834	0	637	637	0
913	3581	136	0	265	265	0
914	3388	834	0	637	637	0
914	135	834	0	637	637	0
914	312	136	0	265	265	0
914	415	834	0	637	637	0
914	446	834	0	637	637	0
914	1871	886	0	637	637	0
914	3650	136	0	265	265	0
914	917	834	0	637	637	0
914	4278	204	0	95	95	0
914	1168	886	0	637	637	0
914	1198	834	0	637	637	0
915	4964	136	0	265	265	0
915	2422	136	0	265	265	0
915	188	834	0	637	637	0
915	3428	834	0	637	637	0
915	4425	834	0	637	637	0
915	4507	886	0	637	637	0
915	3079	834	0	637	637	0
915	4449	834	0	637	637	0
916	3197	834	0	637	637	0
916	217	136	0	265	265	0
916	1601	834	0	637	637	0
916	3889	834	0	637	637	0
916	2934	886	0	637	637	0
916	854	136	0	265	265	0
916	888	834	0	637	637	0
916	4023	834	0	637	637	0
917	3292	886	0	637	637	0
917	2307	886	0	637	637	0
917	2796	834	0	637	637	0
917	2153	136	0	265	265	0
917	2226	834	0	637	637	0
917	3857	834	0	637	637	0
917	1302	136	0	265	265	0
918	1827	136	0	265	265	0
918	422	834	0	637	637	0
918	510	886	0	637	637	0
918	2095	136	0	265	265	0
918	2526	834	0	637	637	0
918	4314	834	0	637	637	0
919	3517	834	0	637	637	0
919	2258	136	0	265	265	0
919	1585	834	0	637	637	0
919	644	886	0	637	637	0
919	2971	834	0	637	637	0
919	3868	834	0	637	637	0
920	290	834	0	637	637	0
920	4777	834	0	637	637	0
920	2246	886	0	637	637	0
920	730	136	0	265	265	0
920	3459	834	0	637	637	0
920	1936	834	0	637	637	0
920	1253	834	0	637	637	0
920	4224	136	0	265	265	0
921	144	834	0	637	637	0
921	191	886	0	637	637	0
921	4014	834	0	637	637	0
921	4381	834	0	637	637	0
921	2444	886	0	637	637	0
922	2900	834	0	637	637	0
922	735	834	0	637	637	0
922	925	834	0	637	637	0
922	4297	834	0	637	637	0
922	1499	886	0	637	637	0
923	2868	886	0	637	637	0
923	4077	886	0	637	637	0
923	1328	834	0	637	637	0
923	1490	834	0	637	637	0
924	3386	834	0	637	637	0
924	4901	834	0	637	637	0
924	671	886	0	637	637	0
924	1191	834	0	637	637	0
924	4002	834	0	637	637	0
925	304	834	0	637	637	0
925	353	834	0	637	637	0
925	519	834	0	637	637	0
925	560	886	0	637	637	0
925	4159	886	0	637	637	0
925	1053	834	0	637	637	0
926	2519	834	0	637	637	0
926	602	834	0	637	637	0
926	3656	886	0	637	637	0
927	2158	886	0	637	637	0
927	1653	834	0	637	637	0
927	2663	834	0	637	637	0
927	4232	834	0	637	637	0
927	682	834	0	637	637	0
927	1229	834	0	637	637	0
928	1881	834	0	637	637	0
928	4377	886	0	637	637	0
928	2533	834	0	637	637	0
928	3993	834	0	637	637	0
928	4040	886	0	637	637	0
929	140	834	0	637	637	0
929	4569	834	0	637	637	0
929	4580	886	0	637	637	0
929	826	834	0	637	637	0
930	1772	834	0	637	637	0
930	2007	834	0	637	637	0
930	1753	886	0	637	637	0
930	1333	834	0	637	637	0
931	2511	886	0	637	637	0
931	4538	834	0	637	637	0
931	974	886	0	637	637	0
931	1139	834	0	637	637	0
931	2531	834	0	637	637	0
931	4583	834	0	637	637	0
932	459	834	0	637	637	0
932	3796	834	0	637	637	0
932	2046	886	0	637	637	0
932	1387	834	0	637	637	0
933	2216	834	0	637	637	0
933	1559	886	0	637	637	0
933	2836	834	0	637	637	0
933	571	886	0	637	637	0
933	3621	834	0	637	637	0
933	2391	834	0	637	637	0
934	4713	834	0	637	637	0
934	1047	834	0	637	637	0
934	1639	834	0	637	637	0
935	4881	886	0	637	637	0
935	4716	834	0	637	637	0
935	761	834	0	637	637	0
935	3082	886	0	637	637	0
935	4186	834	0	637	637	0
936	4591	834	0	637	637	0
936	149	834	0	637	637	0
936	2096	886	0	637	637	0
936	2636	834	0	637	637	0
937	1983	834	0	637	637	0
937	3447	834	0	637	637	0
937	3125	886	0	637	637	0
937	2514	834	0	637	637	0
938	4815	834	0	637	637	0
938	2774	886	0	637	637	0
938	859	834	0	637	637	0
938	3223	834	0	637	637	0
938	2600	886	0	637	637	0
939	4710	834	0	637	637	0
939	585	886	0	637	637	0
939	2245	834	0	637	637	0
939	2212	834	0	637	637	0
940	2320	834	0	637	637	0
940	2983	834	0	637	637	0
940	1405	886	0	637	637	0
940	1408	834	0	637	637	0
941	2110	834	0	637	637	0
941	131	834	0	637	637	0
941	215	834	0	637	637	0
941	2127	886	0	637	637	0
941	3962	834	0	637	637	0
941	2133	834	0	637	637	0
941	1078	834	0	637	637	0
942	4541	834	0	637	637	0
942	3427	834	0	637	637	0
942	986	886	0	637	637	0
942	1172	834	0	637	637	0
942	4250	886	0	637	637	0
942	2271	834	0	637	637	0
943	554	834	0	637	637	0
943	2743	834	0	637	637	0
943	936	886	0	637	637	0
943	3768	834	0	637	637	0
944	2982	834	0	637	637	0
944	2502	886	0	637	637	0
944	1861	834	0	637	637	0
945	3365	834	0	637	637	0
945	221	886	0	637	637	0
945	1398	834	0	637	637	0
946	1736	886	0	637	637	0
946	901	834	0	637	637	0
946	3031	834	0	637	637	0
946	4939	834	0	637	637	0
946	1327	886	0	637	637	0
947	3169	834	0	637	637	0
947	2111	886	0	637	637	0
948	98	886	0	637	637	0
948	3675	834	0	637	637	0
948	3437	834	0	637	637	0
949	67	886	0	637	637	0
949	2309	834	0	637	637	0
949	492	834	0	637	637	0
949	940	834	0	637	637	0
950	1675	834	0	637	637	0
950	3214	886	0	637	637	0
950	3450	834	0	637	637	0
950	1962	834	0	637	637	0
950	3285	886	0	637	637	0
951	4172	834	0	637	637	0
951	2394	834	0	637	637	0
951	2794	886	0	637	637	0
952	2061	834	0	637	637	0
952	1276	834	0	637	637	0
952	2351	886	0	637	637	0
953	3317	834	0	637	637	0
953	2987	886	0	637	637	0
954	2250	834	0	637	637	0
954	1299	834	0	637	637	0
954	4718	886	0	637	637	0
955	1831	834	0	637	637	0
955	4376	886	0	637	637	0
955	2031	886	0	637	637	0
955	1610	834	0	637	637	0
956	656	886	0	637	637	0
956	4105	834	0	637	637	0
956	4729	834	0	637	637	0
957	4764	834	0	637	637	0
957	325	886	0	637	637	0
957	1199	834	0	637	637	0
958	4651	886	0	637	637	0
958	400	834	0	637	637	0
958	1004	886	0	637	637	0
959	4667	834	0	637	637	0
959	2337	834	0	637	637	0
960	48	886	0	637	637	0
960	3854	886	0	637	637	0
960	1098	834	0	637	637	0
960	1613	834	0	637	637	0
961	4029	834	0	637	637	0
961	404	834	0	637	637	0
961	811	886	0	637	637	0
962	1147	886	0	637	637	0
963	4360	886	0	637	637	0
964	1731	886	0	637	637	0
965	1889	886	0	637	637	0
965	3315	886	0	637	637	0
966	3363	886	0	637	637	0
967	126	886	0	637	637	0
968	4354	886	0	637	637	0
969	613	886	0	637	637	0
969	614	886	0	637	637	0
971	4403	886	0	637	637	0
971	2152	886	0	637	637	0
972	2943	886	0	637	637	0
973	4565	886	0	637	637	0
974	1225	886	0	637	637	0
975	1043	886	0	637	637	0
975	1288	886	0	637	637	0
976	3326	886	0	637	637	0
978	347	886	0	637	637	0
979	4214	886	0	637	637	0
979	3674	886	0	637	637	0
980	2218	886	0	637	637	0
982	1864	886	0	637	637	0
983	243	886	0	637	637	0
984	4820	886	0	637	637	0
984	3564	886	0	637	637	0
986	2336	886	0	637	637	0
986	4836	886	0	637	637	0
989	2588	886	0	637	637	0
1080	501	204	0	95	95	0
1103	4890	204	0	95	95	0
1133	1774	204	0	95	95	0
1134	2926	204	0	95	95	0
1143	1836	204	0	95	95	0
1159	4936	204	0	95	95	0
1160	3260	204	0	95	95	0
1166	3715	204	0	95	95	0
1171	4052	204	0	95	95	0
1181	715	204	0	95	95	0
1183	2327	204	0	95	95	0
1187	3574	204	0	95	95	0
1189	1888	204	0	95	95	0
1194	4249	204	0	95	95	0
1196	924	204	0	95	95	0
1201	3089	660	0	246	246	0
1201	4639	660	0	246	246	0
1201	1674	660	0	246	246	0
1201	1584	660	0	246	246	0
1201	2787	488	0	296	296	0
1201	4835	637	0	370	370	0
1201	1944	488	0	296	296	0
1201	1715	637	0	370	370	0
1201	2035	660	0	246	246	0
1201	2162	488	0	296	296	0
1201	4550	637	0	370	370	0
1201	3707	637	0	370	370	0
1201	3516	660	0	246	246	0
1201	265	660	0	246	246	0
1201	274	637	0	370	370	0
1201	289	660	0	246	246	0
1201	3636	488	0	296	296	0
1201	2542	660	0	246	246	0
1201	523	488	0	296	296	0
1201	556	488	0	296	296	0
1201	2465	488	0	296	296	0
1201	1564	660	0	246	246	0
1201	621	488	0	296	296	0
1201	647	637	0	370	370	0
1201	4125	488	0	296	296	0
1201	1648	637	0	370	370	0
1201	4415	637	0	370	370	0
1201	3032	488	0	296	296	0
1201	935	660	0	246	246	0
1201	4310	637	0	370	370	0
1201	968	660	0	246	246	0
1201	4092	488	0	296	296	0
1201	4556	660	0	246	246	0
1201	4480	204	0	95	95	0
1201	4774	637	0	370	370	0
1201	1089	488	0	296	296	0
1201	2486	488	0	296	296	0
1201	3141	488	0	296	296	0
1201	2908	637	0	370	370	0
1201	2220	488	0	296	296	0
1201	4498	660	0	246	246	0
1201	1863	488	0	296	296	0
1201	1269	637	0	370	370	0
1201	4974	660	0	246	246	0
1201	1300	488	0	296	296	0
1201	3193	660	0	246	246	0
1201	1424	660	0	246	246	0
1202	2581	637	0	370	370	0
1202	624	660	0	246	246	0
1202	930	660	0	246	246	0
1202	2577	488	0	296	296	0
1202	2818	660	0	246	246	0
1202	4068	488	0	296	296	0
1202	3661	637	0	370	370	0
1202	2026	660	0	246	246	0
1203	1614	488	0	296	296	0
1203	161	488	0	296	296	0
1203	4910	660	0	246	246	0
1203	465	660	0	246	246	0
1203	594	660	0	246	246	0
1203	1568	637	0	370	370	0
1203	3753	637	0	370	370	0
1203	1885	637	0	370	370	0
1203	3539	488	0	296	296	0
1203	3464	660	0	246	246	0
1203	1370	660	0	246	246	0
1203	3751	488	0	296	296	0
1203	4604	637	0	370	370	0
1204	35	637	0	370	370	0
1204	2482	660	0	246	246	0
1204	235	660	0	246	246	0
1204	4586	488	0	296	296	0
1204	330	660	0	246	246	0
1204	380	660	0	246	246	0
1204	662	637	0	370	370	0
1204	3475	637	0	370	370	0
1204	4024	488	0	296	296	0
1204	1246	660	0	246	246	0
1204	3818	660	0	246	246	0
1205	3212	637	0	370	370	0
1205	549	637	0	370	370	0
1205	4451	204	0	95	95	0
1205	623	660	0	246	246	0
1205	2043	488	0	296	296	0
1205	1847	660	0	246	246	0
1205	1003	637	0	370	370	0
1205	2477	660	0	246	246	0
1205	1376	660	0	246	246	0
1205	2201	488	0	296	296	0
1205	2348	637	0	370	370	0
1206	76	637	0	370	370	0
1206	1562	660	0	246	246	0
1206	4499	660	0	246	246	0
1206	476	660	0	246	246	0
1206	2213	660	0	246	246	0
1206	3535	637	0	370	370	0
1206	1183	637	0	370	370	0
1206	2870	660	0	246	246	0
1206	1268	488	0	296	296	0
1206	3728	660	0	246	246	0
1207	3126	488	0	296	296	0
1207	183	660	0	246	246	0
1207	351	660	0	246	246	0
1207	4843	660	0	246	246	0
1207	2780	637	0	370	370	0
1207	807	660	0	246	246	0
1207	1094	637	0	370	370	0
1207	1166	637	0	370	370	0
1207	1726	488	0	296	296	0
1208	3339	488	0	296	296	0
1208	3265	637	0	370	370	0
1208	3186	637	0	370	370	0
1208	3291	660	0	246	246	0
1208	2228	637	0	370	370	0
1208	4481	637	0	370	370	0
1208	883	660	0	246	246	0
1208	3894	660	0	246	246	0
1208	3145	204	0	95	95	0
1208	1223	488	0	296	296	0
1208	2131	660	0	246	246	0
1208	1497	660	0	246	246	0
1209	3937	488	0	296	296	0
1209	1672	660	0	246	246	0
1209	484	637	0	370	370	0
1209	3850	660	0	246	246	0
1209	1632	660	0	246	246	0
1209	4923	660	0	246	246	0
1209	896	660	0	246	246	0
1209	4533	637	0	370	370	0
1209	4133	488	0	296	296	0
1209	3101	637	0	370	370	0
1210	244	637	0	370	370	0
1210	338	488	0	296	296	0
1210	709	660	0	246	246	0
1210	4359	637	0	370	370	0
1210	4382	660	0	246	246	0
1210	1196	660	0	246	246	0
1210	1216	660	0	246	246	0
1210	1844	637	0	370	370	0
1210	1413	488	0	296	296	0
1210	2065	660	0	246	246	0
1211	245	637	0	370	370	0
1211	276	488	0	296	296	0
1211	314	660	0	246	246	0
1211	2518	637	0	370	370	0
1211	1093	660	0	246	246	0
1211	4145	637	0	370	370	0
1211	1218	488	0	296	296	0
1212	2736	660	0	246	246	0
1212	3930	660	0	246	246	0
1212	4524	660	0	246	246	0
1212	437	660	0	246	246	0
1212	2067	637	0	370	370	0
1212	2027	637	0	370	370	0
1212	3104	488	0	296	296	0
1212	2578	637	0	370	370	0
1212	2532	660	0	246	246	0
1212	1427	204	0	95	95	0
1213	214	660	0	246	246	0
1213	3226	660	0	246	246	0
1213	3324	488	0	296	296	0
1213	4098	637	0	370	370	0
1213	2861	660	0	246	246	0
1213	3562	637	0	370	370	0
1213	1347	637	0	370	370	0
1213	4848	660	0	246	246	0
1213	3301	488	0	296	296	0
1214	2239	488	0	296	296	0
1214	529	637	0	370	370	0
1214	1561	660	0	246	246	0
1214	4138	660	0	246	246	0
1214	1244	637	0	370	370	0
1214	1560	637	0	370	370	0
1214	1358	488	0	296	296	0
1215	4756	637	0	370	370	0
1215	282	488	0	296	296	0
1215	2875	488	0	296	296	0
1215	1819	660	0	246	246	0
1215	1222	637	0	370	370	0
1215	4441	660	0	246	246	0
1215	4115	660	0	246	246	0
1215	2727	637	0	370	370	0
1216	3748	660	0	246	246	0
1216	2231	488	0	296	296	0
1216	3559	637	0	370	370	0
1216	2247	660	0	246	246	0
1216	3515	660	0	246	246	0
1216	1699	488	0	296	296	0
1216	2419	660	0	246	246	0
1216	4511	637	0	370	370	0
1216	3593	637	0	370	370	0
1216	1356	660	0	246	246	0
1217	3626	637	0	370	370	0
1217	106	488	0	296	296	0
1217	4161	660	0	246	246	0
1217	3619	204	0	95	95	0
1217	4892	488	0	296	296	0
1217	2888	637	0	370	370	0
1217	4518	660	0	246	246	0
1217	1239	637	0	370	370	0
1217	4816	660	0	246	246	0
1218	1567	637	0	370	370	0
1218	4526	488	0	296	296	0
1218	386	637	0	370	370	0
1218	3095	660	0	246	246	0
1218	1980	660	0	246	246	0
1218	538	660	0	246	246	0
1218	692	637	0	370	370	0
1218	3488	660	0	246	246	0
1218	4047	660	0	246	246	0
1218	1186	488	0	296	296	0
1219	1789	660	0	246	246	0
1219	2358	637	0	370	370	0
1219	2795	488	0	296	296	0
1219	2594	660	0	246	246	0
1219	3672	488	0	296	296	0
1219	4393	660	0	246	246	0
1219	4802	637	0	370	370	0
1219	2527	637	0	370	370	0
1219	4794	660	0	246	246	0
1220	3492	660	0	246	246	0
1220	1835	637	0	370	370	0
1220	2545	637	0	370	370	0
1220	946	488	0	296	296	0
1220	976	660	0	246	246	0
1220	3393	637	0	370	370	0
1220	1434	660	0	246	246	0
1221	2894	637	0	370	370	0
1221	283	637	0	370	370	0
1221	321	660	0	246	246	0
1221	3136	660	0	246	246	0
1221	2140	637	0	370	370	0
1221	736	488	0	296	296	0
1221	3503	488	0	296	296	0
1221	1257	660	0	246	246	0
1221	2390	660	0	246	246	0
1222	17	660	0	246	246	0
1222	2005	204	0	95	95	0
1222	66	660	0	246	246	0
1222	206	488	0	296	296	0
1222	518	488	0	296	296	0
1222	3603	637	0	370	370	0
1222	4409	637	0	370	370	0
1222	983	637	0	370	370	0
1222	2703	660	0	246	246	0
1223	2388	637	0	370	370	0
1223	3813	488	0	296	296	0
1223	4044	637	0	370	370	0
1223	686	660	0	246	246	0
1223	4523	488	0	296	296	0
1223	3869	660	0	246	246	0
1223	1022	637	0	370	370	0
1223	3206	660	0	246	246	0
1223	1810	660	0	246	246	0
1224	47	660	0	246	246	0
1224	87	660	0	246	246	0
1224	3788	637	0	370	370	0
1224	285	637	0	370	370	0
1224	4912	660	0	246	246	0
1224	3546	660	0	246	246	0
1224	2221	488	0	296	296	0
1224	1970	660	0	246	246	0
1224	2120	637	0	370	370	0
1225	1712	488	0	296	296	0
1225	1735	660	0	246	246	0
1225	789	204	0	95	95	0
1225	855	637	0	370	370	0
1225	3470	488	0	296	296	0
1225	942	660	0	246	246	0
1225	985	637	0	370	370	0
1225	995	660	0	246	246	0
1225	4747	637	0	370	370	0
1225	3711	660	0	246	246	0
1226	315	488	0	296	296	0
1226	2459	660	0	246	246	0
1226	771	488	0	296	296	0
1226	890	660	0	246	246	0
1226	3826	637	0	370	370	0
1226	4635	637	0	370	370	0
1226	4621	637	0	370	370	0
1226	3406	660	0	246	246	0
1227	62	637	0	370	370	0
1227	3350	488	0	296	296	0
1227	1637	488	0	296	296	0
1227	3782	637	0	370	370	0
1227	1591	660	0	246	246	0
1227	1111	637	0	370	370	0
1227	2054	660	0	246	246	0
1227	1657	660	0	246	246	0
1227	1522	660	0	246	246	0
1228	4058	488	0	296	296	0
1228	3005	637	0	370	370	0
1228	908	660	0	246	246	0
1228	2121	637	0	370	370	0
1228	1745	637	0	370	370	0
1228	4757	660	0	246	246	0
1229	4164	488	0	296	296	0
1229	3413	488	0	296	296	0
1229	4778	660	0	246	246	0
1229	270	660	0	246	246	0
1229	470	660	0	246	246	0
1229	3227	660	0	246	246	0
1229	4773	204	0	95	95	0
1229	3467	660	0	246	246	0
1229	3793	204	0	95	95	0
1229	1806	637	0	370	370	0
1229	2667	637	0	370	370	0
1229	3167	637	0	370	370	0
1230	85	637	0	370	370	0
1230	3200	660	0	246	246	0
1230	3170	660	0	246	246	0
1230	2701	660	0	246	246	0
1230	727	637	0	370	370	0
1230	846	488	0	296	296	0
1230	2430	660	0	246	246	0
1230	1925	637	0	370	370	0
1231	3723	488	0	296	296	0
1231	272	637	0	370	370	0
1231	3814	637	0	370	370	0
1231	391	488	0	296	296	0
1231	690	660	0	246	246	0
1231	4559	637	0	370	370	0
1231	3303	660	0	246	246	0
1232	4962	660	0	246	246	0
1232	503	637	0	370	370	0
1232	2073	488	0	296	296	0
1232	785	660	0	246	246	0
1232	3290	637	0	370	370	0
1232	1820	660	0	246	246	0
1232	3300	637	0	370	370	0
1233	1535	660	0	246	246	0
1233	4270	637	0	370	370	0
1233	606	488	0	296	296	0
1233	4470	488	0	296	296	0
1233	3461	660	0	246	246	0
1233	1024	637	0	370	370	0
1233	4472	637	0	370	370	0
1233	4804	660	0	246	246	0
1233	1245	660	0	246	246	0
1234	3933	488	0	296	296	0
1234	1627	660	0	246	246	0
1234	292	660	0	246	246	0
1234	4361	637	0	370	370	0
1234	483	660	0	246	246	0
1234	2845	637	0	370	370	0
1234	1867	660	0	246	246	0
1234	1660	660	0	246	246	0
1234	2319	660	0	246	246	0
1234	1447	488	0	296	296	0
1234	4081	637	0	370	370	0
1235	208	488	0	296	296	0
1235	1589	660	0	246	246	0
1235	3047	660	0	246	246	0
1235	1882	637	0	370	370	0
1235	4026	637	0	370	370	0
1235	1072	204	0	95	95	0
1235	1207	637	0	370	370	0
1235	4395	488	0	296	296	0
1235	4226	660	0	246	246	0
1236	4685	660	0	246	246	0
1236	2070	660	0	246	246	0
1236	4273	637	0	370	370	0
1236	348	488	0	296	296	0
1236	2979	637	0	370	370	0
1236	1105	488	0	296	296	0
1236	1438	660	0	246	246	0
1236	3552	660	0	246	246	0
1236	3616	637	0	370	370	0
1237	4346	660	0	246	246	0
1237	145	204	0	95	95	0
1237	417	637	0	370	370	0
1237	4703	637	0	370	370	0
1237	4826	660	0	246	246	0
1237	1116	488	0	296	296	0
1237	2289	660	0	246	246	0
1237	3701	637	0	370	370	0
1237	1454	660	0	246	246	0
1238	22	637	0	370	370	0
1238	2155	660	0	246	246	0
1238	4485	660	0	246	246	0
1238	3453	637	0	370	370	0
1238	362	660	0	246	246	0
1238	3575	660	0	246	246	0
1238	512	488	0	296	296	0
1238	1566	637	0	370	370	0
1238	1598	488	0	296	296	0
1239	4935	660	0	246	246	0
1239	3643	637	0	370	370	0
1239	3338	488	0	296	296	0
1239	626	488	0	296	296	0
1239	3607	660	0	246	246	0
1239	948	660	0	246	246	0
1239	3682	204	0	95	95	0
1239	1125	637	0	370	370	0
1239	2655	637	0	370	370	0
1239	1270	660	0	246	246	0
1240	4338	488	0	296	296	0
1240	3238	660	0	246	246	0
1240	2404	637	0	370	370	0
1240	1663	637	0	370	370	0
1240	927	660	0	246	246	0
1240	2622	637	0	370	370	0
1240	3448	660	0	246	246	0
1241	2611	637	0	370	370	0
1241	2638	488	0	296	296	0
1241	2949	637	0	370	370	0
1241	3671	660	0	246	246	0
1241	2072	660	0	246	246	0
1241	4436	488	0	296	296	0
1241	3686	660	0	246	246	0
1241	1467	637	0	370	370	0
1242	1886	660	0	246	246	0
1242	1849	660	0	246	246	0
1242	567	637	0	370	370	0
1242	4953	488	0	296	296	0
1242	767	660	0	246	246	0
1242	3532	660	0	246	246	0
1242	1360	637	0	370	370	0
1242	1477	637	0	370	370	0
1243	3654	488	0	296	296	0
1243	2188	637	0	370	370	0
1243	185	660	0	246	246	0
1243	2208	660	0	246	246	0
1243	551	660	0	246	246	0
1243	2006	660	0	246	246	0
1243	1041	488	0	296	296	0
1243	4598	637	0	370	370	0
1243	4135	637	0	370	370	0
1244	4420	637	0	370	370	0
1244	3507	637	0	370	370	0
1244	799	488	0	296	296	0
1244	2759	488	0	296	296	0
1244	4429	660	0	246	246	0
1244	3485	637	0	370	370	0
1244	1484	660	0	246	246	0
1245	303	660	0	246	246	0
1245	3680	488	0	296	296	0
1245	4540	660	0	246	246	0
1245	460	660	0	246	246	0
1245	862	637	0	370	370	0
1245	1915	637	0	370	370	0
1245	3953	660	0	246	246	0
1245	4103	637	0	370	370	0
1246	2799	660	0	246	246	0
1246	2650	637	0	370	370	0
1246	511	660	0	246	246	0
1246	543	488	0	296	296	0
1246	2606	204	0	95	95	0
1246	4375	637	0	370	370	0
1246	3828	488	0	296	296	0
1246	3299	660	0	246	246	0
1246	4517	637	0	370	370	0
1247	127	637	0	370	370	0
1247	2745	660	0	246	246	0
1247	1991	660	0	246	246	0
1247	3439	488	0	296	296	0
1247	762	637	0	370	370	0
1247	3843	204	0	95	95	0
1247	1032	488	0	296	296	0
1247	4418	637	0	370	370	0
1247	1151	660	0	246	246	0
1248	269	660	0	246	246	0
1248	3486	488	0	296	296	0
1248	1002	488	0	296	296	0
1248	2099	660	0	246	246	0
1248	4845	637	0	370	370	0
1248	3536	660	0	246	246	0
1248	1363	637	0	370	370	0
1249	3683	660	0	246	246	0
1249	32	660	0	246	246	0
1249	2024	637	0	370	370	0
1249	4970	660	0	246	246	0
1249	3847	637	0	370	370	0
1249	3874	488	0	296	296	0
1249	373	637	0	370	370	0
1249	4683	637	0	370	370	0
1250	54	637	0	370	370	0
1250	2405	488	0	296	296	0
1250	4032	637	0	370	370	0
1250	3789	660	0	246	246	0
1250	4154	637	0	370	370	0
1250	4775	488	0	296	296	0
1250	1916	660	0	246	246	0
1250	3045	660	0	246	246	0
1251	89	637	0	370	370	0
1251	2135	204	0	95	95	0
1251	4242	660	0	246	246	0
1251	3399	637	0	370	370	0
1251	4321	488	0	296	296	0
1251	1580	660	0	246	246	0
1251	1208	637	0	370	370	0
1251	2877	660	0	246	246	0
1252	190	660	0	246	246	0
1252	1744	488	0	296	296	0
1252	2958	488	0	296	296	0
1252	3331	637	0	370	370	0
1252	4487	204	0	95	95	0
1252	1106	637	0	370	370	0
1252	3168	637	0	370	370	0
1252	1523	660	0	246	246	0
1253	4660	637	0	370	370	0
1253	1898	637	0	370	370	0
1253	1939	660	0	246	246	0
1253	3844	660	0	246	246	0
1253	783	660	0	246	246	0
1253	1758	637	0	370	370	0
1254	252	660	0	246	246	0
1254	4483	637	0	370	370	0
1254	4817	637	0	370	370	0
1254	4142	204	0	95	95	0
1254	900	660	0	246	246	0
1254	2952	637	0	370	370	0
1254	1294	488	0	296	296	0
1254	2456	488	0	296	296	0
1255	24	204	0	95	95	0
1255	2779	637	0	370	370	0
1255	2445	660	0	246	246	0
1255	2555	488	0	296	296	0
1255	4752	488	0	296	296	0
1255	884	637	0	370	370	0
1255	4209	660	0	246	246	0
1255	4822	660	0	246	246	0
1255	1776	637	0	370	370	0
1256	4725	660	0	246	246	0
1256	1893	660	0	246	246	0
1256	419	637	0	370	370	0
1256	3372	488	0	296	296	0
1256	4715	637	0	370	370	0
1256	1543	637	0	370	370	0
1256	4531	488	0	296	296	0
1256	3302	660	0	246	246	0
1257	50	637	0	370	370	0
1257	4205	660	0	246	246	0
1257	4501	637	0	370	370	0
1257	2342	488	0	296	296	0
1257	1237	660	0	246	246	0
1257	2010	637	0	370	370	0
1257	3407	660	0	246	246	0
1257	3898	488	0	296	296	0
1258	2573	660	0	246	246	0
1258	3888	660	0	246	246	0
1258	4320	660	0	246	246	0
1258	3130	488	0	296	296	0
1258	411	637	0	370	370	0
1258	4238	637	0	370	370	0
1258	2034	488	0	296	296	0
1258	4679	637	0	370	370	0
1259	299	660	0	246	246	0
1259	3006	660	0	246	246	0
1259	4139	637	0	370	370	0
1259	612	637	0	370	370	0
1259	852	488	0	296	296	0
1259	4852	637	0	370	370	0
1259	2103	660	0	246	246	0
1260	458	637	0	370	370	0
1260	562	637	0	370	370	0
1260	563	660	0	246	246	0
1260	3599	204	0	95	95	0
1260	3158	660	0	246	246	0
1260	4999	204	0	95	95	0
1260	2330	488	0	296	296	0
1260	1457	637	0	370	370	0
1260	1817	660	0	246	246	0
1261	1680	660	0	246	246	0
1261	3542	204	0	95	95	0
1261	385	637	0	370	370	0
1261	597	637	0	370	370	0
1261	1634	204	0	95	95	0
1261	906	637	0	370	370	0
1261	3731	488	0	296	296	0
1261	1282	660	0	246	246	0
1261	4369	660	0	246	246	0
1261	1807	488	0	296	296	0
1262	1940	660	0	246	246	0
1262	2631	660	0	246	246	0
1262	899	637	0	370	370	0
1262	2273	637	0	370	370	0
1262	4857	204	0	95	95	0
1262	4644	660	0	246	246	0
1262	1124	488	0	296	296	0
1262	1250	637	0	370	370	0
1262	4781	488	0	296	296	0
1263	1800	660	0	246	246	0
1263	675	488	0	296	296	0
1263	3346	637	0	370	370	0
1263	2689	660	0	246	246	0
1263	1101	637	0	370	370	0
1263	2104	660	0	246	246	0
1263	1771	488	0	296	296	0
1263	3463	637	0	370	370	0
1264	4527	637	0	370	370	0
1264	3568	660	0	246	246	0
1264	2660	488	0	296	296	0
1264	596	637	0	370	370	0
1264	1725	660	0	246	246	0
1264	1415	637	0	370	370	0
1265	4736	204	0	95	95	0
1265	232	660	0	246	246	0
1265	2318	637	0	370	370	0
1265	2609	660	0	246	246	0
1265	1329	660	0	246	246	0
1265	1421	488	0	296	296	0
1265	3729	637	0	370	370	0
1265	1534	637	0	370	370	0
1266	3199	660	0	246	246	0
1266	3462	660	0	246	246	0
1266	4112	488	0	296	296	0
1266	633	488	0	296	296	0
1266	4412	637	0	370	370	0
1266	922	637	0	370	370	0
1266	954	637	0	370	370	0
1267	4947	637	0	370	370	0
1267	4889	660	0	246	246	0
1267	240	660	0	246	246	0
1267	1662	637	0	370	370	0
1267	374	660	0	246	246	0
1267	3703	488	0	296	296	0
1267	1190	488	0	296	296	0
1268	1897	637	0	370	370	0
1268	2306	637	0	370	370	0
1268	3743	660	0	246	246	0
1268	2128	660	0	246	246	0
1268	1085	488	0	296	296	0
1268	1337	660	0	246	246	0
1268	1375	637	0	370	370	0
1269	3526	637	0	370	370	0
1269	4021	660	0	246	246	0
1269	4293	660	0	246	246	0
1269	840	660	0	246	246	0
1269	1114	637	0	370	370	0
1269	2017	488	0	296	296	0
1269	1355	637	0	370	370	0
1269	4453	488	0	296	296	0
1270	2439	660	0	246	246	0
1270	3887	660	0	246	246	0
1270	2100	660	0	246	246	0
1270	4955	488	0	296	296	0
1270	2599	637	0	370	370	0
1270	1348	637	0	370	370	0
1270	1441	488	0	296	296	0
1271	4073	488	0	296	296	0
1271	2911	637	0	370	370	0
1271	4863	637	0	370	370	0
1271	2944	637	0	370	370	0
1271	3162	637	0	370	370	0
1271	4087	204	0	95	95	0
1271	642	660	0	246	246	0
1271	3840	660	0	246	246	0
1271	3776	204	0	95	95	0
1272	29	637	0	370	370	0
1272	3695	488	0	296	296	0
1272	4171	660	0	246	246	0
1272	659	660	0	246	246	0
1272	3280	660	0	246	246	0
1272	825	637	0	370	370	0
1272	2590	660	0	246	246	0
1273	33	660	0	246	246	0
1273	2717	637	0	370	370	0
1273	3179	204	0	95	95	0
1273	147	637	0	370	370	0
1273	169	637	0	370	370	0
1273	2154	488	0	296	296	0
1273	2338	660	0	246	246	0
1273	1317	488	0	296	296	0
1274	1	637	0	370	370	0
1274	167	488	0	296	296	0
1274	4100	637	0	370	370	0
1274	1765	660	0	246	246	0
1274	857	637	0	370	370	0
1274	1373	660	0	246	246	0
1274	3752	660	0	246	246	0
1275	4101	204	0	95	95	0
1275	3541	637	0	370	370	0
1275	1669	660	0	246	246	0
1275	881	660	0	246	246	0
1275	3872	660	0	246	246	0
1275	2691	637	0	370	370	0
1275	1305	488	0	296	296	0
1276	617	637	0	370	370	0
1276	4102	488	0	296	296	0
1276	1217	637	0	370	370	0
1276	1440	660	0	246	246	0
1276	1474	488	0	296	296	0
1277	472	488	0	296	296	0
1277	2269	637	0	370	370	0
1277	2434	488	0	296	296	0
1278	39	637	0	370	370	0
1278	1410	488	0	296	296	0
1279	3085	488	0	296	296	0
1279	368	488	0	296	296	0
1280	2384	637	0	370	370	0
1280	2856	488	0	296	296	0
1281	4056	488	0	296	296	0
1281	2341	488	0	296	296	0
1281	1170	204	0	95	95	0
1282	4097	488	0	296	296	0
1282	3236	488	0	296	296	0
1283	3	488	0	296	296	0
1283	2786	204	0	95	95	0
1284	1572	204	0	95	95	0
1284	3696	204	0	95	95	0
1284	4315	488	0	296	296	0
1284	3132	488	0	296	296	0
1285	4374	488	0	296	296	0
1285	2138	204	0	95	95	0
1286	354	488	0	296	296	0
1286	2840	488	0	296	296	0
1287	3183	488	0	296	296	0
1288	3135	488	0	296	296	0
1288	3960	488	0	296	296	0
1289	4726	488	0	296	296	0
1290	4025	488	0	296	296	0
1290	4620	488	0	296	296	0
1291	434	488	0	296	296	0
1291	969	488	0	296	296	0
1292	2205	204	0	95	95	0
1292	4896	204	0	95	95	0
1292	2764	488	0	296	296	0
1293	2028	488	0	296	296	0
1294	4464	488	0	296	296	0
1294	3983	488	0	296	296	0
1295	4341	488	0	296	296	0
1296	4322	488	0	296	296	0
1296	4673	488	0	296	296	0
1297	4547	488	0	296	296	0
1297	4839	488	0	296	296	0
1298	1681	488	0	296	296	0
1298	1503	488	0	296	296	0
1299	237	204	0	95	95	0
1299	1990	488	0	296	296	0
1300	3577	488	0	296	296	0
1300	3334	488	0	296	296	0
1301	1700	204	0	95	95	0
1301	4071	488	0	296	296	0
1301	758	488	0	296	296	0
1302	174	488	0	296	296	0
1302	2751	488	0	296	296	0
1303	4469	204	0	95	95	0
1303	1481	488	0	296	296	0
1304	669	488	0	296	296	0
1304	4708	204	0	95	95	0
1304	4724	204	0	95	95	0
1305	2454	488	0	296	296	0
1306	378	488	0	296	296	0
1306	3622	204	0	95	95	0
1306	1790	488	0	296	296	0
1307	1289	488	0	296	296	0
1308	4295	488	0	296	296	0
1308	667	488	0	296	296	0
1309	2284	488	0	296	296	0
1309	3184	488	0	296	296	0
1309	1238	204	0	95	95	0
1310	1777	488	0	296	296	0
1311	2206	488	0	296	296	0
1311	844	488	0	296	296	0
1312	4114	488	0	296	296	0
1312	4191	488	0	296	296	0
1313	168	204	0	95	95	0
1313	3976	488	0	296	296	0
1314	177	204	0	95	95	0
1314	3588	488	0	296	296	0
1314	2733	488	0	296	296	0
1315	4758	488	0	296	296	0
1316	1782	488	0	296	296	0
1317	3010	488	0	296	296	0
1318	2633	488	0	296	296	0
1319	911	488	0	296	296	0
1319	944	488	0	296	296	0
1320	4813	488	0	296	296	0
1320	3858	488	0	296	296	0
1321	4336	488	0	296	296	0
1322	590	488	0	296	296	0
1322	4769	488	0	296	296	0
1323	4602	488	0	296	296	0
1323	814	488	0	296	296	0
1324	1555	488	0	296	296	0
1325	3625	488	0	296	296	0
1325	979	488	0	296	296	0
1326	980	488	0	296	296	0
1326	1742	488	0	296	296	0
1327	3319	488	0	296	296	0
1327	2755	488	0	296	296	0
1329	1794	488	0	296	296	0
1329	1865	488	0	296	296	0
1330	426	488	0	296	296	0
1330	2479	488	0	296	296	0
1331	2142	488	0	296	296	0
1331	2831	204	0	95	95	0
1332	1631	488	0	296	296	0
1333	410	488	0	296	296	0
1333	4292	488	0	296	296	0
1333	4934	637	0	370	370	0
1334	706	488	0	296	296	0
1334	3685	204	0	95	95	0
1334	1965	488	0	296	296	0
1335	921	488	0	296	296	0
1336	3800	488	0	296	296	0
1336	2857	488	0	296	296	0
1337	333	204	0	95	95	0
1337	833	488	0	296	296	0
1337	2123	204	0	95	95	0
1338	4543	488	0	296	296	0
1338	716	488	0	296	296	0
1338	4657	204	0	95	95	0
1338	3344	204	0	95	95	0
1339	1369	204	0	95	95	0
1339	1372	488	0	296	296	0
1340	3244	488	0	296	296	0
1340	1215	488	0	296	296	0
1342	430	488	0	296	296	0
1342	2734	204	0	95	95	0
1342	3390	488	0	296	296	0
1343	3611	488	0	296	296	0
1343	3690	204	0	95	95	0
1343	2313	488	0	296	296	0
1344	3376	204	0	95	95	0
1344	1025	204	0	95	95	0
1344	4106	488	0	296	296	0
1345	1280	488	0	296	296	0
1346	447	488	0	296	296	0
1346	3614	488	0	296	296	0
1347	3382	204	0	95	95	0
1347	3651	488	0	296	296	0
1347	1754	488	0	296	296	0
1348	234	488	0	296	296	0
1348	2180	204	0	95	95	0
1349	3545	488	0	296	296	0
1349	2747	488	0	296	296	0
1350	575	488	0	296	296	0
1351	4730	488	0	296	296	0
1353	297	204	0	95	95	0
1353	2326	204	0	95	95	0
1354	3446	204	0	95	95	0
1354	1698	204	0	95	95	0
1355	1040	204	0	95	95	0
1355	1253	637	0	370	370	0
1356	2082	204	0	95	95	0
1357	4737	204	0	95	95	0
1358	4767	637	0	370	370	0
1358	2879	488	0	296	296	0
1361	808	204	0	95	95	0
1363	4443	204	0	95	95	0
1364	420	204	0	95	95	0
1364	2707	204	0	95	95	0
1365	4799	204	0	95	95	0
1366	1400	204	0	95	95	0
1367	2821	204	0	95	95	0
1367	1349	204	0	95	95	0
1368	379	204	0	95	95	0
1368	920	204	0	95	95	0
1370	1028	204	0	95	95	0
1371	1696	637	0	370	370	0
1371	3456	204	0	95	95	0
1374	4462	204	0	95	95	0
1374	2537	637	0	370	370	0
1376	831	637	0	370	370	0
1379	4801	204	0	95	95	0
1380	286	204	0	95	95	0
1380	2714	204	0	95	95	0
1382	4908	637	0	370	370	0
1382	4334	204	0	95	95	0
1383	517	204	0	95	95	0
1384	4158	204	0	95	95	0
1385	3224	637	0	370	370	0
1386	4727	204	0	95	95	0
1387	4891	204	0	95	95	0
1387	4594	204	0	95	95	0
1388	4589	204	0	95	95	0
1388	3230	204	0	95	95	0
1389	2726	204	0	95	95	0
1389	849	204	0	95	95	0
1389	4002	637	0	370	370	0
1390	2720	637	0	370	370	0
1390	1295	204	0	95	95	0
1391	3053	204	0	95	95	0
1394	4930	637	0	370	370	0
1396	4345	637	0	370	370	0
1397	3633	204	0	95	95	0
1398	907	204	0	95	95	0
1401	413	204	0	95	95	0
1401	4349	204	0	95	95	0
1402	4714	204	0	95	95	0
1402	1079	637	0	370	370	0
1403	3405	204	0	95	95	0
1404	588	637	0	370	370	0
1404	2920	637	0	370	370	0
1406	923	204	0	95	95	0
1407	4147	637	0	370	370	0
1410	3839	204	0	95	95	0
1410	4872	204	0	95	95	0
1411	3381	204	0	95	95	0
1414	4187	637	0	370	370	0
1414	4381	637	0	370	370	0
1415	4745	637	0	370	370	0
1415	1611	204	0	95	95	0
1415	1107	204	0	95	95	0
1416	2921	204	0	95	95	0
1419	144	637	0	370	370	0
1419	1787	204	0	95	95	0
1419	3119	637	0	370	370	0
1419	1418	204	0	95	95	0
1419	4430	204	0	95	95	0
1421	2657	204	0	95	95	0
1422	448	204	0	95	95	0
1422	952	204	0	95	95	0
1423	4291	204	0	95	95	0
1424	782	204	0	95	95	0
1425	3386	637	0	370	370	0
1425	3435	637	0	370	370	0
1425	2368	204	0	95	95	0
1426	95	204	0	95	95	0
1428	2841	204	0	95	95	0
1429	2350	204	0	95	95	0
1429	701	204	0	95	95	0
1431	2490	637	0	370	370	0
1432	1068	637	0	370	370	0
1432	1390	204	0	95	95	0
1434	1069	204	0	95	95	0
1435	1881	637	0	370	370	0
1436	2919	204	0	95	95	0
1437	3966	204	0	95	95	0
1438	2396	637	0	370	370	0
1438	802	204	0	95	95	0
1439	1021	204	0	95	95	0
1439	1258	204	0	95	95	0
1440	1556	204	0	95	95	0
1440	2039	637	0	370	370	0
1441	1536	204	0	95	95	0
1441	3996	637	0	370	370	0
1442	3042	637	0	370	370	0
1442	3420	637	0	370	370	0
1442	4465	204	0	95	95	0
1442	2174	204	0	95	95	0
1444	188	637	0	370	370	0
1444	3044	204	0	95	95	0
1444	1130	204	0	95	95	0
1445	2544	637	0	370	370	0
1445	2951	204	0	95	95	0
1446	2945	204	0	95	95	0
1446	3261	637	0	370	370	0
1446	415	637	0	370	370	0
1448	1550	204	0	95	95	0
1449	1878	204	0	95	95	0
1451	2372	637	0	370	370	0
1452	2659	204	0	95	95	0
1452	259	204	0	95	95	0
1453	3817	204	0	95	95	0
1453	3030	204	0	95	95	0
1454	4276	204	0	95	95	0
1454	2109	204	0	95	95	0
1454	205	637	0	370	370	0
1455	2187	204	0	95	95	0
1455	1330	204	0	95	95	0
1456	752	637	0	370	370	0
1456	925	637	0	370	370	0
1456	3142	204	0	95	95	0
1456	1448	637	0	370	370	0
1457	2216	637	0	370	370	0
1457	605	637	0	370	370	0
1457	1303	204	0	95	95	0
1458	2867	637	0	370	370	0
1458	1189	637	0	370	370	0
1459	322	637	0	370	370	0
1460	4535	204	0	95	95	0
1460	3138	204	0	95	95	0
1460	2333	204	0	95	95	0
1460	525	637	0	370	370	0
1460	3796	637	0	370	370	0
1461	1978	637	0	370	370	0
1461	1937	204	0	95	95	0
1462	4998	204	0	95	95	0
1464	2562	204	0	95	95	0
1464	1191	637	0	370	370	0
1465	4803	637	0	370	370	0
1466	4312	637	0	370	370	0
1466	1406	204	0	95	95	0
1469	2651	637	0	370	370	0
1469	2203	204	0	95	95	0
1470	2643	637	0	370	370	0
1470	2447	204	0	95	95	0
1470	2484	637	0	370	370	0
1471	1328	637	0	370	370	0
1471	1407	204	0	95	95	0
1472	2880	204	0	95	95	0
1472	2565	637	0	370	370	0
1472	4297	637	0	370	370	0
1474	388	204	0	95	95	0
1474	579	204	0	95	95	0
1475	505	637	0	370	370	0
1475	1331	204	0	95	95	0
1476	2663	637	0	370	370	0
1476	792	204	0	95	95	0
1477	4623	637	0	370	370	0
1479	3721	637	0	370	370	0
1479	1162	204	0	95	95	0
1481	3379	637	0	370	370	0
1481	3621	637	0	370	370	0
1482	879	204	0	95	95	0
1482	4190	204	0	95	95	0
1483	2407	204	0	95	95	0
1484	74	204	0	95	95	0
1485	602	637	0	370	370	0
1486	4186	637	0	370	370	0
1487	3889	637	0	370	370	0
1487	1388	204	0	95	95	0
1488	4076	637	0	370	370	0
1488	3029	204	0	95	95	0
1490	3447	637	0	370	370	0
1490	530	204	0	95	95	0
1491	2900	637	0	370	370	0
1491	2982	637	0	370	370	0
1493	65	637	0	370	370	0
1493	4196	204	0	95	95	0
1494	212	637	0	370	370	0
1494	4521	204	0	95	95	0
1494	2533	637	0	370	370	0
1495	682	637	0	370	370	0
1495	2226	637	0	370	370	0
1496	4698	637	0	370	370	0
1497	3233	204	0	95	95	0
1497	3906	204	0	95	95	0
1499	3455	204	0	95	95	0
1499	2519	637	0	370	370	0
1499	1649	204	0	95	95	0
1502	1850	204	0	95	95	0
1502	344	204	0	95	95	0
1502	1229	637	0	370	370	0
1503	1904	204	0	95	95	0
1504	298	204	0	95	95	0
1504	353	637	0	370	370	0
1505	4933	204	0	95	95	0
1506	4497	204	0	95	95	0
1507	3706	204	0	95	95	0
1507	4391	637	0	370	370	0
1507	2971	637	0	370	370	0
1508	661	204	0	95	95	0
1509	1308	204	0	95	95	0
1510	135	637	0	370	370	0
1510	3903	204	0	95	95	0
1510	1772	637	0	370	370	0
1511	3401	637	0	370	370	0
1511	4105	637	0	370	370	0
1511	4853	637	0	370	370	0
1512	3310	637	0	370	370	0
1516	1414	204	0	95	95	0
1517	1573	204	0	95	95	0
1519	2836	637	0	370	370	0
1519	2007	637	0	370	370	0
1520	3220	637	0	370	370	0
1521	1983	637	0	370	370	0
1523	4887	204	0	95	95	0
1523	4406	204	0	95	95	0
1523	1139	637	0	370	370	0
1524	2018	204	0	95	95	0
1524	3563	204	0	95	95	0
1525	1199	637	0	370	370	0
1526	219	637	0	370	370	0
1526	1172	637	0	370	370	0
1527	102	204	0	95	95	0
1529	3745	637	0	370	370	0
1530	1929	637	0	370	370	0
1530	446	637	0	370	370	0
1530	1746	204	0	95	95	0
1530	793	204	0	95	95	0
1531	2914	204	0	95	95	0
1532	131	637	0	370	370	0
1532	4777	637	0	370	370	0
1532	1046	637	0	370	370	0
1533	4314	637	0	370	370	0
1535	1493	204	0	95	95	0
1535	4762	204	0	95	95	0
1537	1831	637	0	370	370	0
1537	1900	204	0	95	95	0
1537	1953	637	0	370	370	0
1540	2463	204	0	95	95	0
1540	3352	204	0	95	95	0
1542	3096	637	0	370	370	0
1544	290	637	0	370	370	0
1545	2540	204	0	95	95	0
1545	4694	637	0	370	370	0
1545	848	204	0	95	95	0
1545	2897	204	0	95	95	0
1545	1387	637	0	370	370	0
1546	1492	204	0	95	95	0
1546	400	637	0	370	370	0
1547	422	637	0	370	370	0
1547	2271	637	0	370	370	0
1548	4815	637	0	370	370	0
1548	4425	637	0	370	370	0
1548	2513	204	0	95	95	0
1548	1168	637	0	370	370	0
1549	2796	637	0	370	370	0
1549	2184	204	0	95	95	0
1549	3795	204	0	95	95	0
1550	2277	204	0	95	95	0
1550	3993	637	0	370	370	0
1550	3389	637	0	370	370	0
1552	554	637	0	370	370	0
1553	149	637	0	370	370	0
1553	3939	204	0	95	95	0
1554	3223	637	0	370	370	0
1555	4165	204	0	95	95	0
1555	3395	204	0	95	95	0
1556	51	637	0	370	370	0
1556	295	204	0	95	95	0
1556	1334	204	0	95	95	0
1557	780	204	0	95	95	0
1557	3088	637	0	370	370	0
1557	3868	637	0	370	370	0
1558	3517	637	0	370	370	0
1558	3317	637	0	370	370	0
1558	1408	637	0	370	370	0
1559	1145	204	0	95	95	0
1560	2309	637	0	370	370	0
1560	608	204	0	95	95	0
1560	1118	204	0	95	95	0
1560	3890	637	0	370	370	0
1560	2531	637	0	370	370	0
1562	163	637	0	370	370	0
1564	4713	637	0	370	370	0
1565	502	637	0	370	370	0
1566	1398	637	0	370	370	0
1567	2868	637	0	370	370	0
1567	4014	637	0	370	370	0
1567	3479	637	0	370	370	0
1567	4939	637	0	370	370	0
1568	859	637	0	370	370	0
1568	3031	637	0	370	370	0
1569	71	637	0	370	370	0
1569	1490	637	0	370	370	0
1569	4227	637	0	370	370	0
1570	3197	637	0	370	370	0
1570	3512	637	0	370	370	0
1571	2391	637	0	370	370	0
1571	2820	637	0	370	370	0
1571	2115	204	0	95	95	0
1573	3388	637	0	370	370	0
1573	2235	204	0	95	95	0
1573	826	637	0	370	370	0
1574	3365	637	0	370	370	0
1574	519	637	0	370	370	0
1574	4825	204	0	95	95	0
1575	2526	637	0	370	370	0
1576	3410	637	0	370	370	0
1577	376	204	0	95	95	0
1577	817	637	0	370	370	0
1578	162	204	0	95	95	0
1578	3675	637	0	370	370	0
1579	30	637	0	370	370	0
1579	423	204	0	95	95	0
1583	4591	637	0	370	370	0
1586	3879	204	0	95	95	0
1586	1936	637	0	370	370	0
1588	4077	637	0	370	370	0
1590	917	637	0	370	370	0
1590	4507	637	0	370	370	0
1591	4040	637	0	370	370	0
1591	1639	637	0	370	370	0
1592	3437	637	0	370	370	0
1593	3169	637	0	370	370	0
1593	1276	637	0	370	370	0
1594	4538	637	0	370	370	0
1595	560	637	0	370	370	0
1596	3857	637	0	370	370	0
1597	2435	204	0	95	95	0
1598	1876	204	0	95	95	0
1598	4901	637	0	370	370	0
1599	140	637	0	370	370	0
1600	3962	637	0	370	370	0
1600	3656	637	0	370	370	0
1601	2096	637	0	370	370	0
1601	248	637	0	370	370	0
1601	3459	637	0	370	370	0
1603	1004	637	0	370	370	0
1603	1087	204	0	95	95	0
1604	1499	637	0	370	370	0
1605	2110	637	0	370	370	0
1605	1501	204	0	95	95	0
1606	940	637	0	370	370	0
1607	2111	637	0	370	370	0
1608	4029	637	0	370	370	0
1609	604	204	0	95	95	0
1610	1585	637	0	370	370	0
1610	3124	637	0	370	370	0
1610	2791	204	0	95	95	0
1611	585	637	0	370	370	0
1611	4457	204	0	95	95	0
1612	510	637	0	370	370	0
1612	571	637	0	370	370	0
1612	1136	204	0	95	95	0
1613	4136	637	0	370	370	0
1614	3292	637	0	370	370	0
1614	1838	204	0	95	95	0
1614	1320	204	0	95	95	0
1615	2757	204	0	95	95	0
1615	3450	637	0	370	370	0
1616	1098	637	0	370	370	0
1616	4449	637	0	370	370	0
1618	4269	204	0	95	95	0
1618	877	204	0	95	95	0
1618	2046	637	0	370	370	0
1619	4172	637	0	370	370	0
1619	648	204	0	95	95	0
1619	2918	204	0	95	95	0
1620	404	637	0	370	370	0
1620	4560	204	0	95	95	0
1620	1198	637	0	370	370	0
1621	2511	637	0	370	370	0
1621	304	637	0	370	370	0
1621	4232	637	0	370	370	0
1621	3087	204	0	95	95	0
1622	2394	637	0	370	370	0
1622	643	204	0	95	95	0
1623	215	637	0	370	370	0
1623	1861	637	0	370	370	0
1623	2250	637	0	370	370	0
1624	3935	637	0	370	370	0
1626	2246	637	0	370	370	0
1627	4541	637	0	370	370	0
1627	3259	637	0	370	370	0
1628	644	637	0	370	370	0
1628	4159	637	0	370	370	0
1629	1653	637	0	370	370	0
1629	4569	637	0	370	370	0
1629	4711	204	0	95	95	0
1630	4710	637	0	370	370	0
1631	3363	637	0	370	370	0
1632	2957	637	0	370	370	0
1633	2936	204	0	95	95	0
1633	4755	204	0	95	95	0
1634	1333	637	0	370	370	0
1635	4031	637	0	370	370	0
1637	2212	637	0	370	370	0
1638	3524	204	0	95	95	0
1640	307	204	0	95	95	0
1640	3998	637	0	370	370	0
1640	1013	637	0	370	370	0
1642	191	637	0	370	370	0
1643	4376	637	0	370	370	0
1645	2152	637	0	370	370	0
1645	4729	637	0	370	370	0
1646	466	204	0	95	95	0
1646	492	637	0	370	370	0
1646	2987	637	0	370	370	0
1647	2061	637	0	370	370	0
1647	4023	637	0	370	370	0
1648	4651	637	0	370	370	0
1648	901	637	0	370	370	0
1651	2954	637	0	370	370	0
1653	3355	204	0	95	95	0
1653	1225	637	0	370	370	0
1653	4134	204	0	95	95	0
1654	98	637	0	370	370	0
1654	2127	637	0	370	370	0
1655	1601	637	0	370	370	0
1656	3109	204	0	95	95	0
1658	48	637	0	370	370	0
1659	1147	637	0	370	370	0
1660	4580	637	0	370	370	0
1661	3768	637	0	370	370	0
1662	1871	637	0	370	370	0
1663	671	637	0	370	370	0
1663	2320	637	0	370	370	0
1663	1962	637	0	370	370	0
1663	1053	637	0	370	370	0
1665	325	637	0	370	370	0
1665	3125	637	0	370	370	0
1666	974	637	0	370	370	0
1667	4508	637	0	370	370	0
1667	3082	637	0	370	370	0
1668	2685	637	0	370	370	0
1669	4268	204	0	95	95	0
1670	1381	204	0	95	95	0
1671	1288	637	0	370	370	0
1675	1405	637	0	370	370	0
1675	1047	637	0	370	370	0
1676	2934	637	0	370	370	0
1676	2514	637	0	370	370	0
1677	558	204	0	95	95	0
1678	2442	637	0	370	370	0
1679	993	204	0	95	95	0
1680	1675	637	0	370	370	0
1681	1736	637	0	370	370	0
1681	2636	637	0	370	370	0
1681	4866	637	0	370	370	0
1682	2510	637	0	370	370	0
1684	2158	637	0	370	370	0
1684	1610	637	0	370	370	0
1685	2600	637	0	370	370	0
1687	4206	204	0	95	95	0
1688	2741	637	0	370	370	0
1689	2337	637	0	370	370	0
1690	4583	637	0	370	370	0
1690	1078	637	0	370	370	0
1691	311	204	0	95	95	0
1691	936	637	0	370	370	0
1691	3285	637	0	370	370	0
1693	2502	637	0	370	370	0
1695	4643	204	0	95	95	0
1696	2804	637	0	370	370	0
1698	656	637	0	370	370	0
1699	769	204	0	95	95	0
1700	2794	637	0	370	370	0
1701	4764	637	0	370	370	0
1701	613	637	0	370	370	0
1704	4827	637	0	370	370	0
1705	2774	637	0	370	370	0
1705	3195	204	0	95	95	0
1707	1583	204	0	95	95	0
1708	2359	204	0	95	95	0
1709	1327	637	0	370	370	0
1710	4377	637	0	370	370	0
1712	3585	204	0	95	95	0
1713	157	637	0	370	370	0
1714	1889	637	0	370	370	0
1714	2898	204	0	95	95	0
1715	1952	204	0	95	95	0
1717	194	204	0	95	95	0
1718	243	637	0	370	370	0
1719	4579	204	0	95	95	0
1721	574	637	0	370	370	0
1721	1753	637	0	370	370	0
1725	4718	637	0	370	370	0
1726	4879	204	0	95	95	0
1726	2943	637	0	370	370	0
1728	1153	204	0	95	95	0
1729	3852	204	0	95	95	0
1730	2307	637	0	370	370	0
1730	2576	204	0	95	95	0
1732	4354	637	0	370	370	0
1733	1613	637	0	370	370	0
1735	3838	637	0	370	370	0
1737	614	637	0	370	370	0
1740	126	637	0	370	370	0
1744	3428	637	0	370	370	0
1744	459	637	0	370	370	0
1744	3794	204	0	95	95	0
1745	67	637	0	370	370	0
1748	811	637	0	370	370	0
1748	3766	204	0	95	95	0
1750	3079	637	0	370	370	0
1753	4881	637	0	370	370	0
1754	221	637	0	370	370	0
1755	4938	204	0	95	95	0
1757	2730	204	0	95	95	0
1757	1559	637	0	370	370	0
1760	231	637	0	370	370	0
1760	735	637	0	370	370	0
1766	4360	637	0	370	370	0
1766	714	204	0	95	95	0
1769	1043	637	0	370	370	0
1770	4201	204	0	95	95	0
1770	3579	204	0	95	95	0
1771	2288	204	0	95	95	0
1773	4248	204	0	95	95	0
1774	986	637	0	370	370	0
1776	4868	637	0	370	370	0
1777	2686	204	0	95	95	0
1779	1731	637	0	370	370	0
1780	3274	637	0	370	370	0
1784	2119	204	0	95	95	0
1786	3326	637	0	370	370	0
1786	2016	204	0	95	95	0
1790	761	637	0	370	370	0
1794	1529	204	0	95	95	0
1797	1993	204	0	95	95	0
1799	1299	637	0	370	370	0
1801	3952	204	0	95	95	0
1803	2923	637	0	370	370	0
1805	981	204	0	95	95	0
1809	4403	637	0	370	370	0
1810	4214	637	0	370	370	0
1810	2031	637	0	370	370	0
1811	3146	204	0	95	95	0
1817	2983	637	0	370	370	0
1819	680	637	0	370	370	0
1827	3315	637	0	370	370	0
1828	3349	204	0	95	95	0
1830	3214	637	0	370	370	0
1837	4565	637	0	370	370	0
1842	2336	637	0	370	370	0
1848	2351	637	0	370	370	0
1848	2133	637	0	370	370	0
1848	3854	637	0	370	370	0
1849	4515	204	0	95	95	0
1849	4634	204	0	95	95	0
1856	4716	637	0	370	370	0
1862	2245	637	0	370	370	0
1866	485	204	0	95	95	0
1866	1869	204	0	95	95	0
1867	2218	637	0	370	370	0
1871	4250	637	0	370	370	0
1873	1394	204	0	95	95	0
1880	55	637	0	370	370	0
1880	436	204	0	95	95	0
1882	4246	204	0	95	95	0
1889	4667	637	0	370	370	0
1894	4258	204	0	95	95	0
1895	2873	204	0	95	95	0
1914	4856	637	0	370	370	0
1924	347	637	0	370	370	0
1930	2743	637	0	370	370	0
1934	3674	637	0	370	370	0
1943	1569	204	0	95	95	0
1953	2598	204	0	95	95	0
1971	1926	204	0	95	95	0
1982	1864	637	0	370	370	0
1987	888	637	0	370	370	0
2005	2210	204	0	95	95	0
2005	3564	637	0	370	370	0
2015	4836	637	0	370	370	0
2019	698	204	0	95	95	0
2030	691	637	0	370	370	0
2047	4820	637	0	370	370	0
2051	3427	637	0	370	370	0
2096	2023	204	0	95	95	0
2103	1012	204	0	95	95	0
2107	2588	637	0	370	370	0
2134	4486	204	0	95	95	0
2174	996	204	0	95	95	0
2190	3444	204	0	95	95	0
2260	3163	204	0	95	95	0
2289	2509	204	0	95	95	0
2323	2852	204	0	95	95	0
2387	4061	204	0	95	95	0
2452	1504	204	0	95	95	0
2486	2444	637	0	370	370	0
2581	381	204	0	95	95	0
2636	113	204	0	95	95	0
2701	22	370	0	265	265	0
2701	54	370	0	265	265	0
2701	4081	370	0	265	265	0
2701	2518	370	0	265	265	0
2701	2228	370	0	265	265	0
2701	4747	370	0	265	265	0
2701	567	370	0	265	265	0
2702	3788	370	0	265	265	0
2703	1567	370	0	265	265	0
2703	1208	370	0	265	265	0
2704	3626	370	0	265	265	0
2704	1566	370	0	265	265	0
2705	285	370	0	265	265	0
2705	1244	370	0	265	265	0
2706	4934	370	0	265	265	0
2706	2527	370	0	265	265	0
2707	245	370	0	265	265	0
2707	3826	370	0	265	265	0
2708	274	370	0	265	265	0
2708	2404	370	0	265	265	0
2709	4660	370	0	265	265	0
2709	3475	370	0	265	265	0
2710	855	370	0	265	265	0
2710	3485	370	0	265	265	0
2711	1806	370	0	265	265	0
2711	1253	370	0	265	265	0
2712	272	370	0	265	265	0
2712	1166	370	0	265	265	0
2713	4852	370	0	265	265	0
2713	4533	370	0	265	265	0
2714	4032	370	0	265	265	0
2714	3753	370	0	265	265	0
2715	1024	370	0	265	265	0
2715	4359	370	0	265	265	0
2716	1696	370	0	265	265	0
2716	1543	370	0	265	265	0
2717	762	370	0	265	265	0
2717	1844	370	0	265	265	0
2718	2622	370	0	265	265	0
2718	597	370	0	265	265	0
2719	1915	370	0	265	265	0
2719	3814	370	0	265	265	0
2720	3300	370	0	265	265	0
2720	4412	370	0	265	265	0
2721	4481	370	0	265	265	0
2721	4154	370	0	265	265	0
2722	4418	370	0	265	265	0
2722	1415	370	0	265	265	0
2723	1776	370	0	265	265	0
2723	831	370	0	265	265	0
2724	1715	370	0	265	265	0
2724	2578	370	0	265	265	0
2725	3701	370	0	265	265	0
2725	2545	370	0	265	265	0
2726	1222	370	0	265	265	0
2727	983	370	0	265	265	0
2727	4135	370	0	265	265	0
2728	503	370	0	265	265	0
2728	2655	370	0	265	265	0
2729	4002	370	0	265	265	0
2729	1239	370	0	265	265	0
2730	50	370	0	265	265	0
2731	3101	370	0	265	265	0
2731	4767	370	0	265	265	0
2732	2667	370	0	265	265	0
2732	922	370	0	265	265	0
2733	3661	370	0	265	265	0
2733	1477	370	0	265	265	0
2734	1534	370	0	265	265	0
2735	3593	370	0	265	265	0
2735	3526	370	0	265	265	0
2736	1925	370	0	265	265	0
2736	2780	370	0	265	265	0
2737	1898	370	0	265	265	0
2737	1882	370	0	265	265	0
2738	3399	370	0	265	265	0
2738	1360	370	0	265	265	0
2739	2537	370	0	265	265	0
2740	144	370	0	265	265	0
2740	2650	370	0	265	265	0
2741	954	370	0	265	265	0
2741	4238	370	0	265	265	0
2742	2388	370	0	265	265	0
2743	2140	370	0	265	265	0
2743	1347	370	0	265	265	0
2744	4679	370	0	265	265	0
2744	1079	370	0	265	265	0
2745	3346	370	0	265	265	0
2745	612	370	0	265	265	0
2746	3616	370	0	265	265	0
2747	1648	370	0	265	265	0
2747	4845	370	0	265	265	0
2748	1363	370	0	265	265	0
2749	3707	370	0	265	265	0
2749	2888	370	0	265	265	0
2750	3224	370	0	265	265	0
2750	4683	370	0	265	265	0
2751	2894	370	0	265	265	0
2751	1106	370	0	265	265	0
2752	1250	370	0	265	265	0
2752	588	370	0	265	265	0
2753	4501	370	0	265	265	0
2754	4947	370	0	265	265	0
2754	2611	370	0	265	265	0
2755	2720	370	0	265	265	0
2755	3331	370	0	265	265	0
2756	906	370	0	265	265	0
2757	4273	370	0	265	265	0
2757	2358	370	0	265	265	0
2758	4908	370	0	265	265	0
2758	2949	370	0	265	265	0
2759	2920	370	0	265	265	0
2759	4345	370	0	265	265	0
2760	4930	370	0	265	265	0
2760	4381	370	0	265	265	0
2761	3386	370	0	265	265	0
2761	4312	370	0	265	265	0
2762	4147	370	0	265	265	0
2763	4187	370	0	265	265	0
2763	4139	370	0	265	265	0
2764	1560	370	0	265	265	0
2765	3782	370	0	265	265	0
2765	2396	370	0	265	265	0
2766	188	370	0	265	265	0
2766	3168	370	0	265	265	0
2767	4409	370	0	265	265	0
2768	3162	370	0	265	265	0
2768	3435	370	0	265	265	0
2769	2982	370	0	265	265	0
2770	458	370	0	265	265	0
2770	1881	370	0	265	265	0
2771	2216	370	0	265	265	0
2771	3796	370	0	265	265	0
2772	1111	370	0	265	265	0
2772	3119	370	0	265	265	0
2773	1207	370	0	265	265	0
2774	562	370	0	265	265	0
2775	3507	370	0	265	265	0
2775	4604	370	0	265	265	0
2776	2599	370	0	265	265	0
2776	2490	370	0	265	265	0
2777	602	370	0	265	265	0
2778	4420	370	0	265	265	0
2778	4745	370	0	265	265	0
2779	2273	370	0	265	265	0
2780	2318	370	0	265	265	0
2780	727	370	0	265	265	0
2781	3996	370	0	265	265	0
2781	2952	370	0	265	265	0
2782	1068	370	0	265	265	0
2782	3420	370	0	265	265	0
2783	1835	370	0	265	265	0
2784	1191	370	0	265	265	0
2784	2911	370	0	265	265	0
2785	62	370	0	265	265	0
2786	1448	370	0	265	265	0
2786	3186	370	0	265	265	0
2787	1114	370	0	265	265	0
2788	1101	370	0	265	265	0
2788	1663	370	0	265	265	0
2789	2544	370	0	265	265	0
2790	2372	370	0	265	265	0
2790	3167	370	0	265	265	0
2791	1168	370	0	265	265	0
2791	3729	370	0	265	265	0
2792	2024	370	0	265	265	0
2793	2039	370	0	265	265	0
2793	884	370	0	265	265	0
2794	415	370	0	265	265	0
2794	925	370	0	265	265	0
2795	4817	370	0	265	265	0
2795	4297	370	0	265	265	0
2796	3261	370	0	265	265	0
2796	1229	370	0	265	265	0
2798	4550	370	0	265	265	0
2798	752	370	0	265	265	0
2798	2900	370	0	265	265	0
2799	3042	370	0	265	265	0
2800	2845	370	0	265	265	0
2801	899	370	0	265	265	0
2801	2484	370	0	265	265	0
2802	4517	370	0	265	265	0
2803	4527	370	0	265	265	0
2803	857	370	0	265	265	0
2804	1978	370	0	265	265	0
2804	4483	370	0	265	265	0
2805	2663	370	0	265	265	0
2805	4694	370	0	265	265	0
2806	525	370	0	265	265	0
2807	127	370	0	265	265	0
2807	3447	370	0	265	265	0
2808	2643	370	0	265	265	0
2808	1772	370	0	265	265	0
2809	2868	370	0	265	265	0
2809	322	370	0	265	265	0
2810	1328	370	0	265	265	0
2811	2717	370	0	265	265	0
2811	353	370	0	265	265	0
2812	2867	370	0	265	265	0
2813	4100	370	0	265	265	0
2814	4040	370	0	265	265	0
2814	411	370	0	265	265	0
2815	3721	370	0	265	265	0
2815	3541	370	0	265	265	0
2816	3621	370	0	265	265	0
2816	3889	370	0	265	265	0
2817	1983	370	0	265	265	0
2818	147	370	0	265	265	0
2818	205	370	0	265	265	0
2819	1189	370	0	265	265	0
2820	605	370	0	265	265	0
2821	85	370	0	265	265	0
2821	2651	370	0	265	265	0
2822	2120	370	0	265	265	0
2823	2779	370	0	265	265	0
2824	1467	370	0	265	265	0
2824	4803	370	0	265	265	0
2825	4186	370	0	265	265	0
2825	505	370	0	265	265	0
2826	2971	370	0	265	265	0
2826	502	370	0	265	265	0
2827	2836	370	0	265	265	0
2827	4077	370	0	265	265	0
2828	1172	370	0	265	265	0
2829	131	370	0	265	265	0
2830	373	370	0	265	265	0
2830	529	370	0	265	265	0
2831	2226	370	0	265	265	0
2831	4105	370	0	265	265	0
2832	1004	370	0	265	265	0
2832	1139	370	0	265	265	0
2834	419	370	0	265	265	0
2834	560	370	0	265	265	0
2835	3463	370	0	265	265	0
2835	2519	370	0	265	265	0
2836	2096	370	0	265	265	0
2836	682	370	0	265	265	0
2837	2533	370	0	265	265	0
2837	554	370	0	265	265	0
2838	4507	370	0	265	265	0
2838	3656	370	0	265	265	0
2839	30	370	0	265	265	0
2839	1831	370	0	265	265	0
2840	2111	370	0	265	265	0
2841	1199	370	0	265	265	0
2842	3317	370	0	265	265	0
2843	1499	370	0	265	265	0
2843	385	370	0	265	265	0
2844	662	370	0	265	265	0
2845	65	370	0	265	265	0
2845	596	370	0	265	265	0
2846	2565	370	0	265	265	0
2846	1348	370	0	265	265	0
2847	3310	370	0	265	265	0
2848	89	370	0	265	265	0
2848	585	370	0	265	265	0
2849	1387	370	0	265	265	0
2849	3993	370	0	265	265	0
2850	2531	370	0	265	265	0
2851	3363	370	0	265	265	0
2851	4623	370	0	265	265	0
2852	4698	370	0	265	265	0
2853	4076	370	0	265	265	0
2853	1398	370	0	265	265	0
2854	985	370	0	265	265	0
2854	571	370	0	265	265	0
2855	4815	370	0	265	265	0
2856	1897	370	0	265	265	0
2856	1408	370	0	265	265	0
2857	4853	370	0	265	265	0
2857	3379	370	0	265	265	0
2858	510	370	0	265	265	0
2859	4713	370	0	265	265	0
2859	149	370	0	265	265	0
2860	2007	370	0	265	265	0
2861	2309	370	0	265	265	0
2862	248	370	0	265	265	0
2863	2010	370	0	265	265	0
2863	825	370	0	265	265	0
2864	2188	370	0	265	265	0
2864	4777	370	0	265	265	0
2865	2511	370	0	265	265	0
2865	2046	370	0	265	265	0
2866	3401	370	0	265	265	0
2867	3292	370	0	265	265	0
2868	2152	370	0	265	265	0
2869	400	370	0	265	265	0
2869	1375	370	0	265	265	0
2871	212	370	0	265	265	0
2872	1125	370	0	265	265	0
2872	2691	370	0	265	265	0
2873	4375	370	0	265	265	0
2873	219	370	0	265	265	0
2874	4136	370	0	265	265	0
2874	2944	370	0	265	265	0
2875	135	370	0	265	265	0
2875	4376	370	0	265	265	0
2877	4159	370	0	265	265	0
2877	859	370	0	265	265	0
2878	2987	370	0	265	265	0
2878	4715	370	0	265	265	0
2879	1929	370	0	265	265	0
2879	3223	370	0	265	265	0
2880	3517	370	0	265	265	0
2880	4651	370	0	265	265	0
2882	692	370	0	265	265	0
2882	826	370	0	265	265	0
2883	1225	370	0	265	265	0
2883	4314	370	0	265	265	0
2884	2271	370	0	265	265	0
2885	3031	370	0	265	265	0
2885	1457	370	0	265	265	0
2886	290	370	0	265	265	0
2886	446	370	0	265	265	0
2887	3220	370	0	265	265	0
2888	4391	370	0	265	265	0
2888	2796	370	0	265	265	0
2889	2246	370	0	265	265	0
2889	644	370	0	265	265	0
2890	1147	370	0	265	265	0
2890	3935	370	0	265	265	0
2891	48	370	0	265	265	0
2891	2391	370	0	265	265	0
2892	3096	370	0	265	265	0
2893	1046	370	0	265	265	0
2894	1288	370	0	265	265	0
2895	4939	370	0	265	265	0
2896	29	370	0	265	265	0
2896	3745	370	0	265	265	0
2897	98	370	0	265	265	0
2897	1217	370	0	265	265	0
2898	3365	370	0	265	265	0
2898	3197	370	0	265	265	0
2899	191	370	0	265	265	0
2899	1953	370	0	265	265	0
2900	2127	370	0	265	265	0
2901	4425	370	0	265	265	0
2902	325	370	0	265	265	0
2902	1639	370	0	265	265	0
2903	1490	370	0	265	265	0
2903	3675	370	0	265	265	0
2904	3868	370	0	265	265	0
2905	1936	370	0	265	265	0
2906	2957	370	0	265	265	0
2907	3890	370	0	265	265	0
2907	617	370	0	265	265	0
2908	4031	370	0	265	265	0
2908	4014	370	0	265	265	0
2909	4591	370	0	265	265	0
2909	3169	370	0	265	265	0
2911	4580	370	0	265	265	0
2911	422	370	0	265	265	0
2912	3847	370	0	265	265	0
2912	3437	370	0	265	265	0
2913	3125	370	0	265	265	0
2913	3479	370	0	265	265	0
2914	4901	370	0	265	265	0
2915	3389	370	0	265	265	0
2916	671	370	0	265	265	0
2917	2820	370	0	265	265	0
2917	1662	370	0	265	265	0
2918	3388	370	0	265	265	0
2918	1871	370	0	265	265	0
2919	1098	370	0	265	265	0
2919	3088	370	0	265	265	0
2920	817	370	0	265	265	0
2921	163	370	0	265	265	0
2921	3082	370	0	265	265	0
2922	940	370	0	265	265	0
2923	51	370	0	265	265	0
2923	2526	370	0	265	265	0
2924	1405	370	0	265	265	0
2924	974	370	0	265	265	0
2925	1736	370	0	265	265	0
2926	2110	370	0	265	265	0
2926	3450	370	0	265	265	0
2927	2394	370	0	265	265	0
2928	1276	370	0	265	265	0
2929	4863	370	0	265	265	0
2929	4227	370	0	265	265	0
2930	3512	370	0	265	265	0
2930	519	370	0	265	265	0
2931	656	370	0	265	265	0
2932	140	370	0	265	265	0
2933	2685	370	0	265	265	0
2934	1355	370	0	265	265	0
2934	613	370	0	265	265	0
2935	4508	370	0	265	265	0
2935	2600	370	0	265	265	0
2936	3857	370	0	265	265	0
2936	3285	370	0	265	265	0
2937	4029	370	0	265	265	0
2938	2934	370	0	265	265	0
2939	647	370	0	265	265	0
2939	936	370	0	265	265	0
2940	71	370	0	265	265	0
2940	4172	370	0	265	265	0
2941	2502	370	0	265	265	0
2942	3459	370	0	265	265	0
2943	2158	370	0	265	265	0
2943	2306	370	0	265	265	0
2944	2794	370	0	265	265	0
2944	243	370	0	265	265	0
2945	3962	370	0	265	265	0
2946	4538	370	0	265	265	0
2947	917	370	0	265	265	0
2948	1	370	0	265	265	0
2948	304	370	0	265	265	0
2949	3410	370	0	265	265	0
2949	4569	370	0	265	265	0
2950	4710	370	0	265	265	0
2950	404	370	0	265	265	0
2951	1889	370	0	265	265	0
2952	1327	370	0	265	265	0
2952	1333	370	0	265	265	0
2953	1585	370	0	265	265	0
2954	4541	370	0	265	265	0
2954	4866	370	0	265	265	0
2955	2943	370	0	265	265	0
2955	2774	370	0	265	265	0
2956	4232	370	0	265	265	0
2957	3124	370	0	265	265	0
2958	492	370	0	265	265	0
2959	4718	370	0	265	265	0
2959	2250	370	0	265	265	0
2960	169	370	0	265	265	0
2960	4354	370	0	265	265	0
2961	1861	370	0	265	265	0
2962	215	370	0	265	265	0
2962	4377	370	0	265	265	0
2963	126	370	0	265	265	0
2963	4449	370	0	265	265	0
2964	614	370	0	265	265	0
2965	1753	370	0	265	265	0
2965	2061	370	0	265	265	0
2966	1653	370	0	265	265	0
2967	901	370	0	265	265	0
2967	4827	370	0	265	265	0
2968	67	370	0	265	265	0
2968	3259	370	0	265	265	0
2969	157	370	0	265	265	0
2970	811	370	0	265	265	0
2971	2212	370	0	265	265	0
2971	1013	370	0	265	265	0
2972	2307	370	0	265	265	0
2972	4729	370	0	265	265	0
2973	574	370	0	265	265	0
2974	1198	370	0	265	265	0
2974	1043	370	0	265	265	0
2975	3998	370	0	265	265	0
2976	1962	370	0	265	265	0
2976	4023	370	0	265	265	0
2977	221	370	0	265	265	0
2977	4360	370	0	265	265	0
2978	1601	370	0	265	265	0
2979	2514	370	0	265	265	0
2979	3768	370	0	265	265	0
2980	4881	370	0	265	265	0
2980	2320	370	0	265	265	0
2981	1559	370	0	265	265	0
2982	3326	370	0	265	265	0
2983	1675	370	0	265	265	0
2983	1731	370	0	265	265	0
2984	986	370	0	265	265	0
2985	231	370	0	265	265	0
2986	1610	370	0	265	265	0
2987	4214	370	0	265	265	0
2987	2636	370	0	265	265	0
2988	1053	370	0	265	265	0
2989	1047	370	0	265	265	0
2989	4403	370	0	265	265	0
2990	2741	370	0	265	265	0
2991	4764	370	0	265	265	0
2993	39	370	0	265	265	0
2993	4583	370	0	265	265	0
2993	2031	370	0	265	265	0
2994	2954	370	0	265	265	0
2995	2337	370	0	265	265	0
2995	4868	370	0	265	265	0
2996	3315	370	0	265	265	0
2996	3274	370	0	265	265	0
2998	1078	370	0	265	265	0
2999	2336	370	0	265	265	0
3000	2442	370	0	265	265	0
3000	2510	370	0	265	265	0
3001	1613	370	0	265	265	0
3001	4565	370	0	265	265	0
3002	3214	370	0	265	265	0
3002	2923	370	0	265	265	0
3003	3854	370	0	265	265	0
3005	2351	370	0	265	265	0
3006	680	370	0	265	265	0
3006	2269	370	0	265	265	0
3007	2804	370	0	265	265	0
3007	2218	370	0	265	265	0
3008	4250	370	0	265	265	0
3009	3838	370	0	265	265	0
3009	3079	370	0	265	265	0
3024	3428	370	0	265	265	0
3031	459	370	0	265	265	0
3036	735	370	0	265	265	0
3044	1299	370	0	265	265	0
3089	761	370	0	265	265	0
3091	347	370	0	265	265	0
3092	55	370	0	265	265	0
3092	2384	370	0	265	265	0
3094	3674	370	0	265	265	0
3146	2983	370	0	265	265	0
3159	4856	370	0	265	265	0
3212	1864	370	0	265	265	0
3237	2133	370	0	265	265	0
3249	3564	370	0	265	265	0
3282	4836	370	0	265	265	0
3301	783	246	0	296	296	0
3301	1373	246	0	296	296	0
3301	1940	246	0	296	296	0
3301	995	246	0	296	296	0
3301	1580	246	0	296	296	0
3301	4912	246	0	296	296	0
3301	460	246	0	296	296	0
3303	2155	246	0	296	296	0
3303	2745	246	0	296	296	0
3303	2338	246	0	296	296	0
3304	4889	246	0	296	296	0
3304	896	246	0	296	296	0
3305	4822	246	0	296	296	0
3305	1329	246	0	296	296	0
3306	1438	246	0	296	296	0
3306	4667	370	0	265	265	0
3306	1735	246	0	296	296	0
3307	252	246	0	296	296	0
3307	2689	246	0	296	296	0
3308	1916	246	0	296	296	0
3308	2877	246	0	296	296	0
3309	1939	246	0	296	296	0
3309	4962	246	0	296	296	0
3310	3302	246	0	296	296	0
3310	1523	246	0	296	296	0
3311	948	246	0	296	296	0
3311	269	246	0	296	296	0
3312	4757	246	0	296	296	0
3312	968	246	0	296	296	0
3313	3006	246	0	296	296	0
3313	1257	246	0	296	296	0
3314	265	246	0	296	296	0
3314	2439	246	0	296	296	0
3315	2319	246	0	296	296	0
3315	1370	246	0	296	296	0
3316	3448	246	0	296	296	0
3316	3280	246	0	296	296	0
3317	840	246	0	296	296	0
3317	908	246	0	296	296	0
3318	1440	246	0	296	296	0
3318	3045	246	0	296	296	0
3319	4716	370	0	265	265	0
3319	3887	246	0	296	296	0
3320	4910	246	0	296	296	0
3320	563	246	0	296	296	0
3321	3462	246	0	296	296	0
3321	1237	246	0	296	296	0
3322	4685	246	0	296	296	0
3322	1867	246	0	296	296	0
3323	270	246	0	296	296	0
3324	1337	246	0	296	296	0
3324	3872	246	0	296	296	0
3325	3888	246	0	296	296	0
3325	330	246	0	296	296	0
3326	2430	246	0	296	296	0
3327	32	246	0	296	296	0
3327	1725	246	0	296	296	0
3328	4826	246	0	296	296	0
3328	214	246	0	296	296	0
3329	2245	370	0	265	265	0
3329	4369	246	0	296	296	0
3330	2100	246	0	296	296	0
3330	3170	246	0	296	296	0
3331	2006	246	0	296	296	0
3331	3575	246	0	296	296	0
3332	642	246	0	296	296	0
3333	881	246	0	296	296	0
3333	1800	246	0	296	296	0
3334	240	246	0	296	296	0
3334	3953	246	0	296	296	0
3335	511	246	0	296	296	0
3336	3532	246	0	296	296	0
3336	2103	246	0	296	296	0
3337	33	246	0	296	296	0
3337	2208	246	0	296	296	0
3338	4935	246	0	296	296	0
3339	303	246	0	296	296	0
3339	2072	246	0	296	296	0
3340	3743	246	0	296	296	0
3341	3789	246	0	296	296	0
3341	3752	246	0	296	296	0
3342	465	246	0	296	296	0
3342	4021	246	0	296	296	0
3343	4970	246	0	296	296	0
3344	3199	246	0	296	296	0
3344	374	246	0	296	296	0
3345	1454	246	0	296	296	0
3346	2609	246	0	296	296	0
3346	767	246	0	296	296	0
3347	3671	246	0	296	296	0
3348	232	246	0	296	296	0
3348	3568	246	0	296	296	0
3349	3840	246	0	296	296	0
3350	2128	246	0	296	296	0
3350	1849	246	0	296	296	0
3351	4293	246	0	296	296	0
3352	3299	246	0	296	296	0
3352	1765	246	0	296	296	0
3353	2104	246	0	296	296	0
3354	4429	246	0	296	296	0
3355	4171	246	0	296	296	0
3356	4820	370	0	265	265	0
3407	691	370	0	265	265	0
3489	2588	370	0	265	265	0
3502	2743	370	0	265	265	0
3577	888	370	0	265	265	0
3607	1669	246	0	296	296	0
3698	3427	370	0	265	265	0
3901	3300	265	0	259	259	0
3901	2216	265	0	259	259	0
3901	3475	265	0	259	259	0
3901	4135	265	0	259	259	0
3901	1844	265	0	259	259	0
3901	3753	265	0	259	259	0
3901	1168	265	0	259	259	0
3902	1881	265	0	259	259	0
3903	3796	265	0	259	259	0
3903	3701	265	0	259	259	0
3904	602	265	0	259	259	0
3904	4694	265	0	259	259	0
3905	2655	265	0	259	259	0
3905	954	265	0	259	259	0
3906	3435	265	0	259	259	0
3906	2490	265	0	259	259	0
3907	1191	265	0	259	259	0
3907	3119	265	0	259	259	0
3908	4481	265	0	259	259	0
3908	1477	265	0	259	259	0
3909	1448	265	0	259	259	0
3909	3420	265	0	259	259	0
3910	2578	265	0	259	259	0
3910	2900	265	0	259	259	0
3911	1898	265	0	259	259	0
3911	2545	265	0	259	259	0
3912	983	265	0	259	259	0
3912	3996	265	0	259	259	0
3913	503	265	0	259	259	0
3913	4297	265	0	259	259	0
3914	1068	265	0	259	259	0
3914	4745	265	0	259	259	0
3915	2868	265	0	259	259	0
3915	1222	265	0	259	259	0
3916	3399	265	0	259	259	0
3916	4679	265	0	259	259	0
3917	1715	265	0	259	259	0
3917	612	265	0	259	259	0
3918	4238	265	0	259	259	0
3918	2372	265	0	259	259	0
3919	1360	265	0	259	259	0
3919	4040	265	0	259	259	0
3920	3346	265	0	259	259	0
3920	1239	265	0	259	259	0
3921	2667	265	0	259	259	0
3921	925	265	0	259	259	0
3922	2544	265	0	259	259	0
3922	2650	265	0	259	259	0
3923	1925	265	0	259	259	0
3923	752	265	0	259	259	0
3924	1882	265	0	259	259	0
3924	3101	265	0	259	259	0
3925	1772	265	0	259	259	0
3926	3593	265	0	259	259	0
3926	560	265	0	259	259	0
3927	2039	265	0	259	259	0
3927	415	265	0	259	259	0
3928	3261	265	0	259	259	0
3928	2484	265	0	259	259	0
3929	3447	265	0	259	259	0
3930	1363	265	0	259	259	0
3930	3661	265	0	259	259	0
3931	1250	265	0	259	259	0
3931	4845	265	0	259	259	0
3932	4077	265	0	259	259	0
3932	2663	265	0	259	259	0
3933	4947	265	0	259	259	0
3933	2388	265	0	259	259	0
3934	2780	265	0	259	259	0
3935	1106	265	0	259	259	0
3935	4683	265	0	259	259	0
3936	3616	265	0	259	259	0
3936	3042	265	0	259	259	0
3937	3331	265	0	259	259	0
3937	2140	265	0	259	259	0
3938	1004	265	0	259	259	0
3939	353	265	0	259	259	0
3939	4501	265	0	259	259	0
3940	906	265	0	259	259	0
3940	1978	265	0	259	259	0
3941	2643	265	0	259	259	0
3942	1347	265	0	259	259	0
3942	1983	265	0	259	259	0
3943	525	265	0	259	259	0
3943	1328	265	0	259	259	0
3944	2096	265	0	259	259	0
3944	502	265	0	259	259	0
3945	3721	265	0	259	259	0
3945	2867	265	0	259	259	0
3946	322	265	0	259	259	0
3946	3656	265	0	259	259	0
3947	3889	265	0	259	259	0
3948	2611	265	0	259	259	0
3948	2888	265	0	259	259	0
3949	3621	265	0	259	259	0
3950	1648	265	0	259	259	0
3950	3162	265	0	259	259	0
3951	2836	265	0	259	259	0
3951	4139	265	0	259	259	0
3952	3707	265	0	259	259	0
3953	2894	265	0	259	259	0
3953	2949	265	0	259	259	0
3954	2111	265	0	259	259	0
3954	4273	265	0	259	259	0
3955	4507	265	0	259	259	0
3955	3168	265	0	259	259	0
3956	2971	265	0	259	259	0
3956	1172	265	0	259	259	0
3957	4186	265	0	259	259	0
3958	2651	265	0	259	259	0
3958	458	265	0	259	259	0
3959	30	265	0	259	259	0
3959	131	265	0	259	259	0
3960	2599	265	0	259	259	0
3960	205	265	0	259	259	0
3961	2358	265	0	259	259	0
3962	562	265	0	259	259	0
3962	1189	265	0	259	259	0
3963	2318	265	0	259	259	0
3964	605	265	0	259	259	0
3964	3782	265	0	259	259	0
3965	1114	265	0	259	259	0
3965	2911	265	0	259	259	0
3966	4409	265	0	259	259	0
3967	1560	265	0	259	259	0
3967	2273	265	0	259	259	0
3968	3507	265	0	259	259	0
3969	1207	265	0	259	259	0
3969	4420	265	0	259	259	0
3970	2511	265	0	259	259	0
3970	1111	265	0	259	259	0
3971	1139	265	0	259	259	0
3971	4105	265	0	259	259	0
3972	1499	265	0	259	259	0
3973	4803	265	0	259	259	0
3973	2952	265	0	259	259	0
3974	2226	265	0	259	259	0
3974	3317	265	0	259	259	0
3975	3363	265	0	259	259	0
3975	505	265	0	259	259	0
3976	585	265	0	259	259	0
3976	554	265	0	259	259	0
3977	1831	265	0	259	259	0
3978	2519	265	0	259	259	0
3978	682	265	0	259	259	0
3979	1101	265	0	259	259	0
3979	1408	265	0	259	259	0
3980	571	265	0	259	259	0
3981	2533	265	0	259	259	0
3981	1199	265	0	259	259	0
3982	3993	265	0	259	259	0
3982	3729	265	0	259	259	0
3983	1398	265	0	259	259	0
3984	727	265	0	259	259	0
3984	510	265	0	259	259	0
3985	2531	265	0	259	259	0
3985	2152	265	0	259	259	0
3986	248	265	0	259	259	0
3986	1387	265	0	259	259	0
3987	4815	265	0	259	259	0
3988	3310	265	0	259	259	0
3989	2046	265	0	259	259	0
3989	4604	265	0	259	259	0
3990	1663	265	0	259	259	0
3991	3292	265	0	259	259	0
3991	62	265	0	259	259	0
3992	884	265	0	259	259	0
3993	2024	265	0	259	259	0
3993	1835	265	0	259	259	0
3994	4713	265	0	259	259	0
3994	4376	265	0	259	259	0
3995	65	265	0	259	259	0
3996	2987	265	0	259	259	0
3996	2565	265	0	259	259	0
3997	149	265	0	259	259	0
3997	3167	265	0	259	259	0
3998	4817	265	0	259	259	0
3999	899	265	0	259	259	0
3999	4853	265	0	259	259	0
4000	2309	265	0	259	259	0
4001	1225	265	0	259	259	0
4001	857	265	0	259	259	0
4002	3186	265	0	259	259	0
4002	4698	265	0	259	259	0
4003	4136	265	0	259	259	0
4004	4623	265	0	259	259	0
4004	4651	265	0	259	259	0
4005	4076	265	0	259	259	0
4005	4159	265	0	259	259	0
4006	2007	265	0	259	259	0
4007	4527	265	0	259	259	0
4007	4777	265	0	259	259	0
4008	1147	265	0	259	259	0
4008	400	265	0	259	259	0
4009	48	265	0	259	259	0
4009	644	265	0	259	259	0
4010	2246	265	0	259	259	0
4011	1288	265	0	259	259	0
4011	3379	265	0	259	259	0
4012	859	265	0	259	259	0
4013	4483	265	0	259	259	0
4013	3935	265	0	259	259	0
4014	98	265	0	259	259	0
4015	4517	265	0	259	259	0
4015	3401	265	0	259	259	0
4016	826	265	0	259	259	0
4017	2845	265	0	259	259	0
4018	2717	265	0	259	259	0
4018	3541	265	0	259	259	0
4019	2127	265	0	259	259	0
4019	3223	265	0	259	259	0
4020	127	265	0	259	259	0
4021	3517	265	0	259	259	0
4021	4100	265	0	259	259	0
4022	219	265	0	259	259	0
4023	4550	265	0	259	259	0
4023	325	265	0	259	259	0
4024	191	265	0	259	259	0
4025	147	265	0	259	259	0
4025	411	265	0	259	259	0
4026	212	265	0	259	259	0
4026	3031	265	0	259	259	0
4027	1929	265	0	259	259	0
4028	4314	265	0	259	259	0
4028	135	265	0	259	259	0
4029	2391	265	0	259	259	0
4029	2271	265	0	259	259	0
4030	2796	265	0	259	259	0
4030	2957	265	0	259	259	0
4031	290	265	0	259	259	0
4032	4031	265	0	259	259	0
4033	2779	265	0	259	259	0
4033	446	265	0	259	259	0
4034	3365	265	0	259	259	0
4035	2120	265	0	259	259	0
4035	3220	265	0	259	259	0
4036	4939	265	0	259	259	0
4036	85	265	0	259	259	0
4037	1467	265	0	259	259	0
4037	1639	265	0	259	259	0
4038	3197	265	0	259	259	0
4039	4580	265	0	259	259	0
4040	3125	265	0	259	259	0
4040	373	265	0	259	259	0
4041	3096	265	0	259	259	0
4041	671	265	0	259	259	0
4043	3463	265	0	259	259	0
4043	419	265	0	259	259	0
4044	3675	265	0	259	259	0
4044	1046	265	0	259	259	0
4045	3082	265	0	259	259	0
4045	1936	265	0	259	259	0
4046	1490	265	0	259	259	0
4047	1871	265	0	259	259	0
4047	4391	265	0	259	259	0
4048	3169	265	0	259	259	0
4048	3745	265	0	259	259	0
4049	1405	265	0	259	259	0
4049	1736	265	0	259	259	0
4050	1953	265	0	259	259	0
4051	974	265	0	259	259	0
4051	385	265	0	259	259	0
4052	4425	265	0	259	259	0
4053	3868	265	0	259	259	0
4054	4591	265	0	259	259	0
4054	529	265	0	259	259	0
4055	596	265	0	259	259	0
4055	3890	265	0	259	259	0
4056	3437	265	0	259	259	0
4057	1348	265	0	259	259	0
4057	656	265	0	259	259	0
4058	613	265	0	259	259	0
4058	4014	265	0	259	259	0
4059	4901	265	0	259	259	0
4060	2600	265	0	259	259	0
4060	3285	265	0	259	259	0
4061	1098	265	0	259	259	0
4062	940	265	0	259	259	0
4062	89	265	0	259	259	0
4063	4508	265	0	259	259	0
4063	3479	265	0	259	259	0
4064	2685	265	0	259	259	0
4065	936	265	0	259	259	0
4065	422	265	0	259	259	0
4066	243	265	0	259	259	0
4067	3450	265	0	259	259	0
4067	2820	265	0	259	259	0
4068	2110	265	0	259	259	0
4069	3388	265	0	259	259	0
4069	1897	265	0	259	259	0
4070	2502	265	0	259	259	0
4070	2394	265	0	259	259	0
4072	2934	265	0	259	259	0
4072	662	265	0	259	259	0
4073	2158	265	0	259	259	0
4073	3389	265	0	259	259	0
4074	2794	265	0	259	259	0
4074	817	265	0	259	259	0
4075	1889	265	0	259	259	0
4076	2526	265	0	259	259	0
4077	3088	265	0	259	259	0
4078	163	265	0	259	259	0
4078	825	265	0	259	259	0
4079	1327	265	0	259	259	0
4079	2943	265	0	259	259	0
4080	1276	265	0	259	259	0
4081	51	265	0	259	259	0
4082	985	265	0	259	259	0
4082	140	265	0	259	259	0
4083	2010	265	0	259	259	0
4083	519	265	0	259	259	0
4084	4354	265	0	259	259	0
4085	4866	265	0	259	259	0
4085	4227	265	0	259	259	0
4087	1375	265	0	259	259	0
4087	2774	265	0	259	259	0
4088	2188	265	0	259	259	0
4088	4172	265	0	259	259	0
4089	126	265	0	259	259	0
4089	4718	265	0	259	259	0
4090	614	265	0	259	259	0
4091	3512	265	0	259	259	0
4092	2691	265	0	259	259	0
4092	4029	265	0	259	259	0
4093	4377	265	0	259	259	0
4093	3857	265	0	259	259	0
4094	304	265	0	259	259	0
4094	2944	265	0	259	259	0
4095	4710	265	0	259	259	0
4096	1753	265	0	259	259	0
4096	3459	265	0	259	259	0
4097	404	265	0	259	259	0
4098	67	265	0	259	259	0
4098	4569	265	0	259	259	0
4099	811	265	0	259	259	0
4099	4827	265	0	259	259	0
4100	1333	265	0	259	259	0
4101	3962	265	0	259	259	0
4101	2031	265	0	259	259	0
4103	3998	265	0	259	259	0
4104	4541	265	0	259	259	0
4104	1125	265	0	259	259	0
4105	4375	265	0	259	259	0
4105	4538	265	0	259	259	0
4106	4232	265	0	259	259	0
4106	4715	265	0	259	259	0
4107	4360	265	0	259	259	0
4108	3214	265	0	259	259	0
4109	157	265	0	259	259	0
4110	492	265	0	259	259	0
4110	2510	265	0	259	259	0
4111	4729	265	0	259	259	0
4111	2250	265	0	259	259	0
4112	917	265	0	259	259	0
4113	3124	265	0	259	259	0
4113	1585	265	0	259	259	0
4114	2351	265	0	259	259	0
4116	71	265	0	259	259	0
4116	1043	265	0	259	259	0
4117	2307	265	0	259	259	0
4117	647	265	0	259	259	0
4118	735	265	0	259	259	0
4119	4856	265	0	259	259	0
4119	3674	265	0	259	259	0
4120	3410	265	0	259	259	0
4120	221	265	0	259	259	0
4121	574	265	0	259	259	0
4122	1457	265	0	259	259	0
4122	1861	265	0	259	259	0
4123	2061	265	0	259	259	0
4124	3326	265	0	259	259	0
4125	215	265	0	259	259	0
4126	4836	265	0	259	259	0
4126	1559	265	0	259	259	0
4127	1731	265	0	259	259	0
4128	4449	265	0	259	259	0
4129	29	265	0	259	259	0
4130	459	265	0	259	259	0
4131	692	265	0	259	259	0
4131	4667	265	0	259	259	0
4132	4214	265	0	259	259	0
4132	1217	265	0	259	259	0
4133	3259	265	0	259	259	0
4133	901	265	0	259	259	0
4134	1653	265	0	259	259	0
4135	4881	265	0	259	259	0
4135	986	265	0	259	259	0
4136	4403	265	0	259	259	0
4136	1013	265	0	259	259	0
4138	231	265	0	259	259	0
4138	617	265	0	259	259	0
4139	3315	265	0	259	259	0
4139	2514	265	0	259	259	0
4140	1962	265	0	259	259	0
4141	1198	265	0	259	259	0
4141	2212	265	0	259	259	0
4142	2336	265	0	259	259	0
4143	1601	265	0	259	259	0
4143	3768	265	0	259	259	0
4144	4565	265	0	259	259	0
4145	1675	265	0	259	259	0
4145	2320	265	0	259	259	0
4146	4023	265	0	259	259	0
4147	3274	265	0	259	259	0
4148	1610	265	0	259	259	0
4148	1662	265	0	259	259	0
4149	3854	265	0	259	259	0
4150	3847	265	0	259	259	0
4150	4868	265	0	259	259	0
4151	4764	265	0	259	259	0
4151	2218	265	0	259	259	0
4152	1047	265	0	259	259	0
4153	2636	265	0	259	259	0
4153	2741	265	0	259	259	0
4154	2923	265	0	259	259	0
4155	4583	265	0	259	259	0
4156	1053	265	0	259	259	0
4156	1613	265	0	259	259	0
4157	680	265	0	259	259	0
4157	4250	265	0	259	259	0
4159	4863	265	0	259	259	0
4159	1078	265	0	259	259	0
4160	2954	265	0	259	259	0
4161	2337	265	0	259	259	0
4161	1355	265	0	259	259	0
4163	2442	265	0	259	259	0
4165	2306	265	0	259	259	0
4165	2804	265	0	259	259	0
4165	3838	265	0	259	259	0
4166	3079	265	0	259	259	0
4167	1	265	0	259	259	0
4167	1299	265	0	259	259	0
4168	3428	265	0	259	259	0
4168	347	265	0	259	259	0
4169	55	265	0	259	259	0
4171	169	265	0	259	259	0
4171	1864	265	0	259	259	0
4173	3564	265	0	259	259	0
4174	761	265	0	259	259	0
4174	2983	265	0	259	259	0
4176	4820	265	0	259	259	0
4177	39	265	0	259	259	0
4178	2133	265	0	259	259	0
4181	691	265	0	259	259	0
4182	2588	265	0	259	259	0
4183	4716	265	0	259	259	0
4183	2269	265	0	259	259	0
4185	2245	265	0	259	259	0
4191	2743	265	0	259	259	0
4197	2384	265	0	259	259	0
4277	888	265	0	259	259	0
4410	2444	370	0	274	274	0
4416	3427	265	0	259	259	0
4501	2100	296	0	274	274	0
4501	4369	296	0	274	274	0
4501	1725	296	0	274	274	0
4501	32	296	0	274	274	0
4501	2430	296	0	274	274	0
4501	4826	296	0	274	274	0
4501	642	296	0	274	274	0
4503	881	296	0	274	274	0
4503	2006	296	0	274	274	0
4503	330	296	0	274	274	0
4504	1800	296	0	274	274	0
4504	240	296	0	274	274	0
4505	3575	296	0	274	274	0
4505	3170	296	0	274	274	0
4506	2103	296	0	274	274	0
4506	214	296	0	274	274	0
4507	33	296	0	274	274	0
4507	511	296	0	274	274	0
4508	3953	296	0	274	274	0
4508	3532	296	0	274	274	0
4509	2208	296	0	274	274	0
4509	4935	296	0	274	274	0
4510	3752	296	0	274	274	0
4510	4021	296	0	274	274	0
4511	3743	296	0	274	274	0
4512	303	296	0	274	274	0
4512	2072	296	0	274	274	0
4513	3789	296	0	274	274	0
4513	374	296	0	274	274	0
4514	4970	296	0	274	274	0
4514	3199	296	0	274	274	0
4515	2609	296	0	274	274	0
4516	465	296	0	274	274	0
4516	3840	296	0	274	274	0
4517	767	296	0	274	274	0
4517	232	296	0	274	274	0
4518	3671	296	0	274	274	0
4519	1454	296	0	274	274	0
4519	2128	296	0	274	274	0
4520	1849	296	0	274	274	0
4520	3568	296	0	274	274	0
4521	1765	296	0	274	274	0
4522	3299	296	0	274	274	0
4522	4293	296	0	274	274	0
4523	2104	296	0	274	274	0
4524	4171	296	0	274	274	0
4524	4429	296	0	274	274	0
4525	1669	296	0	274	274	0
