#time	uid	from	to	dest	grp	keep_via
301	2957	886	0	637	637	0
301	4085	204	0	95	95	0
301	55	886	0	637	637	0
301	2571	136	0	265	265	0
301	157	886	0	637	637	0
301	2954	834	0	637	637	0
301	236	136	0	265	265	0
301	248	886	0	637	637	0
301	4455	136	0	265	265	0
301	298	605	0	370	370	0
301	3716	605	0	370	370	0
301	2981	204	0	95	95	0
301	2980	834	0	637	637	0
301	4391	834	0	637	637	0
301	452	204	0	95	95	0
301	4227	834	0	637	637	0
301	4469	605	0	370	370	0
301	2972	136	0	265	265	0
301	4398	834	0	637	637	0
301	3817	605	0	370	370	0
301	693	605	0	370	370	0
301	4187	834	0	637	637	0
301	3550	605	0	370	370	0
301	4487	605	0	370	370	0
301	3519	834	0	637	637	0
301	792	605	0	370	370	0
301	4082	834	0	637	637	0
301	4286	136	0	265	265	0
301	4827	886	0	637	637	0
301	3622	605	0	370	370	0
301	2734	605	0	370	370	0
301	3119	834	0	637	637	0
301	2907	605	0	370	370	0
301	1016	605	0	370	370	0
301	3512	834	0	637	637	0
301	3476	605	0	370	370	0
301	2778	136	0	265	265	0
301	2559	204	0	95	95	0
301	2726	605	0	370	370	0
301	4657	605	0	370	370	0
301	3145	605	0	370	370	0
301	2565	834	0	637	637	0
301	3740	204	0	95	95	0
301	1278	834	0	637	637	0
301	4872	605	0	370	370	0
301	4086	605	0	370	370	0
301	3042	834	0	637	637	0
301	2760	136	0	265	265	0
301	4698	834	0	637	637	0
301	3835	136	0	265	265	0
301	3272	204	0	95	95	0
301	3293	136	0	265	265	0
301	3379	834	0	637	637	0
301	1838	605	0	370	370	0
301	1840	204	0	95	95	0
301	1852	136	0	265	265	0
301	1953	834	0	637	637	0
301	4623	834	0	637	637	0
301	2005	605	0	370	370	0
301	2019	204	0	95	95	0
301	3220	834	0	637	637	0
301	4419	834	0	637	637	0
301	4356	834	0	637	637	0
301	2057	204	0	95	95	0
301	2939	136	0	265	265	0
301	4930	834	0	637	637	0
301	2108	136	0	265	265	0
301	2135	605	0	370	370	0
301	2138	605	0	370	370	0
301	4052	605	0	370	370	0
301	4451	605	0	370	370	0
301	2288	605	0	370	370	0
301	2328	204	0	95	95	0
302	4890	605	0	370	370	0
302	2693	136	0	265	265	0
302	212	834	0	637	637	0
302	879	605	0	370	370	0
302	1072	605	0	370	370	0
302	4553	204	0	95	95	0
302	3809	204	0	95	95	0
302	4291	605	0	370	370	0
302	3456	605	0	370	370	0
302	2831	605	0	370	370	0
302	2867	834	0	637	637	0
303	3057	136	0	265	265	0
303	96	204	0	95	95	0
303	4406	605	0	370	370	0
303	3088	834	0	637	637	0
303	162	605	0	370	370	0
303	2510	834	0	637	637	0
303	229	204	0	95	95	0
303	322	834	0	637	637	0
303	333	605	0	370	370	0
303	4853	834	0	637	637	0
303	4031	886	0	637	637	0
303	910	136	0	265	265	0
303	1046	834	0	637	637	0
303	3838	834	0	637	637	0
303	1145	605	0	370	370	0
303	1170	605	0	370	370	0
303	4866	886	0	637	637	0
303	4695	136	0	265	265	0
303	4767	834	0	637	637	0
303	1536	605	0	370	370	0
303	1774	605	0	370	370	0
303	3745	834	0	637	637	0
303	4334	605	0	370	370	0
303	2276	136	0	265	265	0
304	51	834	0	637	637	0
304	3776	605	0	370	370	0
304	2685	886	0	637	637	0
304	205	834	0	637	637	0
304	3793	605	0	370	370	0
304	3938	136	0	265	265	0
304	715	605	0	370	370	0
304	3197	834	0	637	637	0
304	3839	605	0	370	370	0
304	3879	605	0	370	370	0
304	3435	834	0	637	637	0
304	1013	834	0	637	637	0
304	3998	834	0	637	637	0
304	3274	886	0	637	637	0
304	1868	136	0	265	265	0
304	2115	605	0	370	370	0
304	2123	605	0	370	370	0
305	163	834	0	637	637	0
305	3542	605	0	370	370	0
305	4345	834	0	637	637	0
305	505	834	0	637	637	0
305	588	834	0	637	637	0
305	817	834	0	637	637	0
305	4508	886	0	637	637	0
305	4643	605	0	370	370	0
305	4857	605	0	370	370	0
305	1028	605	0	370	370	0
305	3596	136	0	265	265	0
305	4230	136	0	265	265	0
305	3405	605	0	370	370	0
305	2606	605	0	370	370	0
305	2544	834	0	637	637	0
305	4101	605	0	370	370	0
305	3376	605	0	370	370	0
306	65	834	0	637	637	0
306	2490	834	0	637	637	0
306	287	136	0	265	265	0
306	4142	605	0	370	370	0
306	3696	605	0	370	370	0
306	680	886	0	637	637	0
306	924	605	0	370	370	0
306	1025	605	0	370	370	0
306	1442	136	0	265	265	0
306	3619	605	0	370	370	0
306	2372	834	0	637	637	0
307	95	605	0	370	370	0
307	219	834	0	637	637	0
307	3939	605	0	370	370	0
307	691	886	0	637	637	0
307	3124	834	0	637	637	0
307	1107	605	0	370	370	0
307	1320	605	0	370	370	0
307	4868	886	0	637	637	0
307	3843	605	0	370	370	0
307	1578	136	0	265	265	0
307	4426	204	0	95	95	0
307	4708	605	0	370	370	0
307	3721	834	0	637	637	0
307	3401	834	0	637	637	0
307	3420	834	0	637	637	0
307	3706	605	0	370	370	0
307	2195	136	0	265	265	0
308	3685	605	0	370	370	0
308	4908	834	0	637	637	0
308	2963	136	0	265	265	0
308	502	886	0	637	637	0
308	752	834	0	637	637	0
308	2971	834	0	637	637	0
308	952	605	0	370	370	0
308	993	605	0	370	370	0
308	4349	605	0	370	370	0
308	1069	605	0	370	370	0
308	1118	605	0	370	370	0
308	2426	136	0	265	265	0
308	3479	834	0	637	637	0
308	1978	834	0	637	637	0
308	2039	834	0	637	637	0
308	2082	605	0	370	370	0
309	231	886	0	637	637	0
309	2651	834	0	637	637	0
309	4312	886	0	637	637	0
309	605	834	0	637	637	0
309	4803	834	0	637	637	0
309	3446	605	0	370	370	0
309	3682	605	0	370	370	0
309	3310	834	0	637	637	0
309	1021	605	0	370	370	0
309	1189	834	0	637	637	0
309	2724	136	0	265	265	0
309	3017	204	0	95	95	0
309	3117	136	0	265	265	0
309	3224	834	0	637	637	0
309	3746	204	0	95	95	0
309	1888	605	0	370	370	0
310	3727	136	0	265	265	0
310	4724	605	0	370	370	0
310	580	136	0	265	265	0
310	3410	834	0	637	637	0
310	1079	834	0	637	637	0
310	4856	886	0	637	637	0
310	3096	834	0	637	637	0
310	4158	605	0	370	370	0
310	1448	834	0	637	637	0
310	2804	834	0	637	637	0
310	2109	605	0	370	370	0
310	2174	605	0	370	370	0
311	30	886	0	637	637	0
311	145	605	0	370	370	0
311	3599	605	0	370	370	0
311	3715	605	0	370	370	0
311	574	886	0	637	637	0
311	831	834	0	637	637	0
311	917	834	0	637	637	0
311	1090	136	0	265	265	0
311	3890	834	0	637	637	0
311	1396	204	0	95	95	0
311	1696	834	0	637	637	0
311	1747	136	0	265	265	0
311	4936	605	0	370	370	0
311	2484	834	0	637	637	0
311	4076	834	0	637	637	0
312	135	834	0	637	637	0
312	4722	136	0	265	265	0
312	446	834	0	637	637	0
312	4594	605	0	370	370	0
312	4002	834	0	637	637	0
312	2537	834	0	637	637	0
312	907	605	0	370	370	0
312	1400	605	0	370	370	0
312	1427	605	0	370	370	0
312	2741	834	0	637	637	0
312	4136	886	0	637	637	0
313	71	834	0	637	637	0
313	4430	605	0	370	370	0
313	188	834	0	637	637	0
313	4694	886	0	637	637	0
313	2923	886	0	637	637	0
313	3179	605	0	370	370	0
313	4146	136	0	265	265	0
313	1053	834	0	637	637	0
313	3581	136	0	265	265	0
313	3261	834	0	637	637	0
313	1700	605	0	370	370	0
313	3079	834	0	637	637	0
314	2643	834	0	637	637	0
314	2945	605	0	370	370	0
314	2920	834	0	637	637	0
314	3650	136	0	265	265	0
314	3935	886	0	637	637	0
314	3259	834	0	637	637	0
314	1550	605	0	370	370	0
314	4736	605	0	370	370	0
314	3889	834	0	637	637	0
314	3579	605	0	370	370	0
314	3635	136	0	265	265	0
314	1929	834	0	637	637	0
314	2226	834	0	637	637	0
315	144	834	0	637	637	0
315	3868	834	0	637	637	0
315	312	136	0	265	265	0
315	422	834	0	637	637	0
315	2396	834	0	637	637	0
315	848	605	0	370	370	0
315	957	204	0	95	95	0
315	3381	605	0	370	370	0
315	1168	886	0	637	637	0
315	1258	605	0	370	370	0
315	2422	136	0	265	265	0
315	4190	605	0	370	370	0
315	2442	834	0	637	637	0
315	1871	886	0	637	637	0
315	2198	204	0	95	95	0
315	2205	605	0	370	370	0
316	4964	136	0	265	265	0
316	525	834	0	637	637	0
316	920	605	0	370	370	0
316	4507	886	0	637	637	0
316	1198	834	0	637	637	0
316	1253	834	0	637	637	0
316	1330	605	0	370	370	0
316	2714	605	0	370	370	0
316	2180	605	0	370	370	0
317	379	605	0	370	370	0
317	415	834	0	637	637	0
317	2934	886	0	637	637	0
317	602	834	0	637	637	0
317	1407	605	0	370	370	0
317	4801	605	0	370	370	0
317	4443	605	0	370	370	0
318	4777	834	0	637	637	0
318	2307	886	0	637	637	0
318	4896	605	0	370	370	0
318	3388	834	0	637	637	0
318	1746	605	0	370	370	0
318	3142	605	0	370	370	0
318	4425	834	0	637	637	0
318	4381	834	0	637	637	0
318	4249	605	0	370	370	0
319	3292	886	0	637	637	0
319	177	605	0	370	370	0
319	217	136	0	265	265	0
319	701	605	0	370	370	0
319	3428	834	0	637	637	0
319	925	834	0	637	637	0
319	4449	834	0	637	637	0
319	4480	605	0	370	370	0
319	1698	605	0	370	370	0
320	2659	605	0	370	370	0
320	3574	605	0	370	370	0
320	237	605	0	370	370	0
320	510	886	0	637	637	0
320	888	834	0	637	637	0
320	1191	834	0	637	637	0
320	2444	886	0	637	637	0
320	4314	834	0	637	637	0
320	1601	834	0	637	637	0
320	1836	605	0	370	370	0
321	24	605	0	370	370	0
321	644	886	0	637	637	0
321	4589	605	0	370	370	0
321	782	605	0	370	370	0
321	2900	834	0	637	637	0
321	4023	834	0	637	637	0
321	3857	834	0	637	637	0
321	3690	605	0	370	370	0
321	2153	136	0	265	265	0
322	191	886	0	637	637	0
322	2796	834	0	637	637	0
322	2246	886	0	637	637	0
322	2526	834	0	637	637	0
322	923	605	0	370	370	0
322	1349	605	0	370	370	0
322	1772	834	0	637	637	0
322	2757	605	0	370	370	0
322	3633	605	0	370	370	0
322	2203	605	0	370	370	0
323	3966	605	0	370	370	0
323	3459	834	0	637	637	0
323	1130	605	0	370	370	0
323	1302	136	0	265	265	0
323	1499	886	0	637	637	0
323	1634	605	0	370	370	0
323	4901	834	0	637	637	0
323	1881	834	0	637	637	0
323	2821	605	0	370	370	0
324	2936	605	0	370	370	0
324	259	605	0	370	370	0
324	4077	886	0	637	637	0
324	1040	605	0	370	370	0
324	3195	605	0	370	370	0
324	4799	605	0	370	370	0
324	1585	834	0	637	637	0
324	2868	886	0	637	637	0
324	4560	605	0	370	370	0
324	3517	834	0	637	637	0
324	1936	834	0	637	637	0
325	4538	834	0	637	637	0
325	353	834	0	637	637	0
325	4773	605	0	370	370	0
325	671	886	0	637	637	0
325	4014	834	0	637	637	0
325	735	834	0	637	637	0
325	4087	605	0	370	370	0
325	1869	605	0	370	370	0
326	2350	605	0	370	370	0
326	519	834	0	637	637	0
326	560	886	0	637	637	0
326	4196	605	0	370	370	0
326	1238	605	0	370	370	0
326	1490	834	0	637	637	0
327	4159	886	0	637	637	0
327	2407	605	0	370	370	0
327	854	136	0	265	265	0
327	3903	605	0	370	370	0
327	4297	834	0	637	637	0
327	1229	834	0	637	637	0
327	2663	834	0	637	637	0
327	3796	834	0	637	637	0
327	4276	605	0	370	370	0
327	3656	886	0	637	637	0
328	2836	834	0	637	637	0
328	4269	605	0	370	370	0
328	140	834	0	637	637	0
328	2333	605	0	370	370	0
328	2326	605	0	370	370	0
328	1162	605	0	370	370	0
328	2158	886	0	637	637	0
329	501	605	0	370	370	0
329	4232	834	0	637	637	0
329	4377	886	0	637	637	0
329	1047	834	0	637	637	0
329	4583	834	0	637	637	0
329	2216	834	0	637	637	0
329	1878	605	0	370	370	0
329	4040	886	0	637	637	0
330	74	605	0	370	370	0
330	297	605	0	370	370	0
330	304	834	0	637	637	0
330	459	834	0	637	637	0
330	4462	605	0	370	370	0
330	2820	834	0	637	637	0
330	1331	605	0	370	370	0
330	4580	886	0	637	637	0
330	3993	834	0	637	637	0
331	2598	605	0	370	370	0
331	849	605	0	370	370	0
331	1369	605	0	370	370	0
331	1753	886	0	637	637	0
331	4891	605	0	370	370	0
331	3233	605	0	370	370	0
331	3386	834	0	637	637	0
332	2511	886	0	637	637	0
332	286	605	0	370	370	0
332	661	605	0	370	370	0
332	974	886	0	637	637	0
332	4591	834	0	637	637	0
333	295	605	0	370	370	0
333	420	605	0	370	370	0
333	2730	605	0	370	370	0
333	1334	605	0	370	370	0
333	1649	605	0	370	370	0
333	1983	834	0	637	637	0
333	2046	886	0	637	637	0
334	2187	605	0	370	370	0
334	517	605	0	370	370	0
334	4815	834	0	637	637	0
334	761	834	0	637	637	0
334	1556	605	0	370	370	0
334	1653	834	0	637	637	0
334	2513	605	0	370	370	0
335	4576	204	0	95	95	0
335	413	605	0	370	370	0
335	826	834	0	637	637	0
335	2519	834	0	637	637	0
335	3465	204	0	95	95	0
335	1787	605	0	370	370	0
336	2540	605	0	370	370	0
336	608	605	0	370	370	0
336	2210	605	0	370	370	0
336	789	605	0	370	370	0
336	4569	834	0	637	637	0
337	2707	605	0	370	370	0
337	2007	834	0	637	637	0
338	802	605	0	370	370	0
338	2576	605	0	370	370	0
338	1139	834	0	637	637	0
338	2235	605	0	370	370	0
338	2531	834	0	637	637	0
338	1333	834	0	637	637	0
338	1611	605	0	370	370	0
338	2095	136	0	265	265	0
339	4999	605	0	370	370	0
339	571	886	0	637	637	0
339	4737	605	0	370	370	0
340	808	605	0	370	370	0
340	4938	605	0	370	370	0
341	1559	886	0	637	637	0
341	1572	605	0	370	370	0
342	2391	834	0	637	637	0
342	2914	605	0	370	370	0
342	1136	605	0	370	370	0
343	2657	605	0	370	370	0
343	4881	886	0	637	637	0
343	3260	605	0	370	370	0
343	3082	886	0	637	637	0
344	2096	886	0	637	637	0
344	1387	834	0	637	637	0
344	1529	605	0	370	370	0
344	1573	605	0	370	370	0
344	3621	834	0	637	637	0
344	1937	605	0	370	370	0
345	2447	605	0	370	370	0
345	4713	834	0	637	637	0
345	2016	605	0	370	370	0
346	4521	605	0	370	370	0
346	3029	605	0	370	370	0
347	579	605	0	370	370	0
347	4268	605	0	370	370	0
348	290	834	0	637	637	0
348	2897	605	0	370	370	0
348	1418	605	0	370	370	0
348	2791	605	0	370	370	0
349	2533	834	0	637	637	0
349	1993	605	0	370	370	0
350	423	605	0	370	370	0
350	2196	136	0	265	265	0
350	4186	834	0	637	637	0
350	2463	605	0	370	370	0
351	149	834	0	637	637	0
351	344	605	0	370	370	0
351	3044	605	0	370	370	0
351	2600	886	0	637	637	0
352	2841	605	0	370	370	0
352	3344	605	0	370	370	0
354	4535	605	0	370	370	0
354	1308	605	0	370	370	0
354	1639	834	0	637	637	0
354	3349	605	0	370	370	0
355	714	605	0	370	370	0
355	4714	605	0	370	370	0
355	1876	605	0	370	370	0
355	4716	834	0	637	637	0
356	3230	605	0	370	370	0
356	1406	605	0	370	370	0
356	1827	136	0	265	265	0
357	3447	834	0	637	637	0
357	2368	605	0	370	370	0
357	1388	605	0	370	370	0
358	4497	605	0	370	370	0
358	1303	605	0	370	370	0
359	168	605	0	370	370	0
359	3125	886	0	637	637	0
359	780	605	0	370	370	0
360	448	605	0	370	370	0
360	585	886	0	637	637	0
360	2880	605	0	370	370	0
360	1390	605	0	370	370	0
361	2774	886	0	637	637	0
361	3382	605	0	370	370	0
361	1328	834	0	637	637	0
363	4933	605	0	370	370	0
363	3053	605	0	370	370	0
363	2514	834	0	637	637	0
364	307	605	0	370	370	0
364	1405	886	0	637	637	0
365	2127	886	0	637	637	0
366	102	605	0	370	370	0
366	3852	605	0	370	370	0
367	2921	605	0	370	370	0
367	1078	834	0	637	637	0
367	2359	605	0	370	370	0
368	730	136	0	265	265	0
368	4258	605	0	370	370	0
369	1493	605	0	370	370	0
370	859	834	0	637	637	0
370	1408	834	0	637	637	0
371	4224	136	0	265	265	0
372	3355	605	0	370	370	0
373	3030	605	0	370	370	0
373	2320	834	0	637	637	0
373	3223	834	0	637	637	0
374	604	605	0	370	370	0
374	1065	204	0	95	95	0
374	1295	605	0	370	370	0
375	4486	605	0	370	370	0
375	936	886	0	637	637	0
375	986	886	0	637	637	0
375	2184	605	0	370	370	0
376	2562	605	0	370	370	0
376	2258	136	0	265	265	0
376	2502	886	0	637	637	0
376	2245	834	0	637	637	0
377	4250	886	0	637	637	0
378	221	886	0	637	637	0
378	3906	605	0	370	370	0
378	388	605	0	370	370	0
378	466	605	0	370	370	0
379	1904	605	0	370	370	0
380	1327	886	0	637	637	0
381	3962	834	0	637	637	0
383	2111	886	0	637	637	0
383	1736	886	0	637	637	0
384	2133	834	0	637	637	0
384	2898	605	0	370	370	0
384	3138	605	0	370	370	0
384	530	605	0	370	370	0
384	3794	605	0	370	370	0
384	1067	204	0	95	95	0
385	3585	605	0	370	370	0
385	4762	605	0	370	370	0
385	2271	834	0	637	637	0
386	4710	834	0	637	637	0
387	98	886	0	637	637	0
387	1850	605	0	370	370	0
389	3395	605	0	370	370	0
390	4201	605	0	370	370	0
390	1414	605	0	370	370	0
390	2212	834	0	637	637	0
390	3563	605	0	370	370	0
391	4248	605	0	370	370	0
392	3795	605	0	370	370	0
392	4825	605	0	370	370	0
393	67	886	0	637	637	0
393	4482	204	0	95	95	0
393	3285	886	0	637	637	0
393	4541	834	0	637	637	0
394	2794	886	0	637	637	0
395	3214	886	0	637	637	0
395	2110	834	0	637	637	0
396	131	834	0	637	637	0
396	4407	204	0	95	95	0
396	2919	605	0	370	370	0
399	4537	204	0	95	95	0
399	2987	886	0	637	637	0
401	4998	605	0	370	370	0
402	3031	834	0	637	637	0
402	4376	886	0	637	637	0
402	2918	605	0	370	370	0
403	4718	886	0	637	637	0
403	2351	886	0	637	637	0
404	656	886	0	637	637	0
404	1172	834	0	637	637	0
404	2018	605	0	370	370	0
405	325	886	0	637	637	0
405	1486	204	0	95	95	0
406	554	834	0	637	637	0
406	2983	834	0	637	637	0
407	4651	886	0	637	637	0
407	981	605	0	370	370	0
407	2031	886	0	637	637	0
409	2277	605	0	370	370	0
409	4634	605	0	370	370	0
409	1004	886	0	637	637	0
409	3352	605	0	370	370	0
410	1381	605	0	370	370	0
410	2435	605	0	370	370	0
411	3524	605	0	370	370	0
411	733	204	0	95	95	0
411	3929	204	0	95	95	0
412	2982	834	0	637	637	0
413	48	886	0	637	637	0
414	3854	886	0	637	637	0
414	1147	886	0	637	637	0
414	2297	204	0	95	95	0
416	3109	605	0	370	370	0
417	4887	605	0	370	370	0
417	811	886	0	637	637	0
417	3455	605	0	370	370	0
418	682	834	0	637	637	0
420	376	605	0	370	370	0
420	2636	834	0	637	637	0
421	1492	605	0	370	370	0
422	4360	886	0	637	637	0
422	1398	834	0	637	637	0
422	2119	605	0	370	370	0
424	558	605	0	370	370	0
424	643	605	0	370	370	0
425	1731	886	0	637	637	0
426	4711	605	0	370	370	0
427	3365	834	0	637	637	0
428	3163	605	0	370	370	0
428	1394	605	0	370	370	0
428	3315	886	0	637	637	0
428	1583	605	0	370	370	0
429	901	834	0	637	637	0
429	4939	834	0	637	637	0
430	311	605	0	370	370	0
430	1889	886	0	637	637	0
431	3363	886	0	637	637	0
431	2686	605	0	370	370	0
432	129	204	0	95	95	0
433	3437	834	0	637	637	0
433	3169	834	0	637	637	0
434	3768	834	0	637	637	0
435	2309	834	0	637	637	0
436	793	605	0	370	370	0
437	3087	605	0	370	370	0
437	3675	834	0	637	637	0
437	648	605	0	370	370	0
438	215	834	0	637	637	0
439	126	886	0	637	637	0
441	3146	605	0	370	370	0
442	940	834	0	637	637	0
442	4165	605	0	370	370	0
444	1962	834	0	637	637	0
444	4354	886	0	637	637	0
445	614	886	0	637	637	0
447	2873	605	0	370	370	0
447	1900	605	0	370	370	0
448	2152	886	0	637	637	0
448	613	886	0	637	637	0
451	1675	834	0	637	637	0
452	1861	834	0	637	637	0
453	4403	886	0	637	637	0
453	2852	605	0	370	370	0
454	4879	605	0	370	370	0
454	2943	886	0	637	637	0
456	1501	605	0	370	370	0
457	4278	204	0	95	95	0
457	4172	834	0	637	637	0
458	194	605	0	370	370	0
459	2061	834	0	637	637	0
459	485	605	0	370	370	0
459	769	605	0	370	370	0
461	4565	886	0	637	637	0
462	1225	886	0	637	637	0
463	4061	605	0	370	370	0
464	3766	605	0	370	370	0
465	492	834	0	637	637	0
466	4134	605	0	370	370	0
478	2394	834	0	637	637	0
478	1043	886	0	637	637	0
479	1288	886	0	637	637	0
480	4729	834	0	637	637	0
482	4579	605	0	370	370	0
483	2023	605	0	370	370	0
488	3326	886	0	637	637	0
488	1153	605	0	370	370	0
488	1952	605	0	370	370	0
490	1276	834	0	637	637	0
490	4206	605	0	370	370	0
494	3952	605	0	370	370	0
494	1087	605	0	370	370	0
495	4246	605	0	370	370	0
497	1926	605	0	370	370	0
499	4755	605	0	370	370	0
499	436	605	0	370	370	0
500	3317	834	0	637	637	0
506	347	886	0	637	637	0
507	3450	834	0	637	637	0
507	3674	886	0	637	637	0
509	1299	834	0	637	637	0
511	877	605	0	370	370	0
512	698	605	0	370	370	0
512	3564	886	0	637	637	0
513	1831	834	0	637	637	0
514	2218	886	0	637	637	0
516	2250	834	0	637	637	0
518	1610	834	0	637	637	0
518	4105	834	0	637	637	0
518	4552	204	0	95	95	0
519	243	886	0	637	637	0
526	1199	834	0	637	637	0
527	4764	834	0	637	637	0
535	2336	886	0	637	637	0
538	1569	605	0	370	370	0
541	400	834	0	637	637	0
555	4667	834	0	637	637	0
557	4515	605	0	370	370	0
571	1864	886	0	637	637	0
572	3427	834	0	637	637	0
582	2337	834	0	637	637	0
587	4214	886	0	637	637	0
589	1613	834	0	637	637	0
593	1098	834	0	637	637	0
596	2743	834	0	637	637	0
601	2220	488	0	296	296	0
601	4639	660	0	246	246	0
601	2454	488	0	296	296	0
601	3707	637	0	370	370	0
601	2572	488	0	296	296	0
601	265	660	0	246	246	0
601	274	637	0	370	370	0
601	289	660	0	246	246	0
601	1674	660	0	246	246	0
601	1564	660	0	246	246	0
601	472	488	0	296	296	0
601	3539	488	0	296	296	0
601	4498	660	0	246	246	0
601	3636	488	0	296	296	0
601	523	488	0	296	296	0
601	531	637	0	370	370	0
601	556	488	0	296	296	0
601	4176	660	0	246	246	0
601	647	637	0	370	370	0
601	4910	660	0	246	246	0
601	3212	637	0	370	370	0
601	1554	637	0	370	370	0
601	3808	637	0	370	370	0
601	2908	637	0	370	370	0
601	935	660	0	246	246	0
601	944	488	0	296	296	0
601	2577	488	0	296	296	0
601	968	660	0	246	246	0
601	3089	660	0	246	246	0
601	1089	488	0	296	296	0
601	2162	488	0	296	296	0
601	1226	660	0	246	246	0
601	1246	660	0	246	246	0
601	4974	660	0	246	246	0
601	1289	488	0	296	296	0
601	1300	488	0	296	296	0
601	4835	637	0	370	370	0
601	2035	660	0	246	246	0
601	4310	637	0	370	370	0
601	4556	660	0	246	246	0
601	1424	660	0	246	246	0
601	3210	488	0	296	296	0
601	4220	637	0	370	370	0
601	4550	637	0	370	370	0
602	1885	637	0	370	370	0
602	624	660	0	246	246	0
602	930	660	0	246	246	0
602	1562	660	0	246	246	0
602	2213	660	0	246	246	0
602	1376	660	0	246	246	0
602	4068	488	0	296	296	0
603	2818	660	0	246	246	0
603	594	660	0	246	246	0
603	3661	637	0	370	370	0
603	1614	488	0	296	296	0
603	2043	488	0	296	296	0
603	2542	660	0	246	246	0
603	896	660	0	246	246	0
603	3753	637	0	370	370	0
603	3475	637	0	370	370	0
603	4114	488	0	296	296	0
603	4604	637	0	370	370	0
603	4848	660	0	246	246	0
604	35	637	0	370	370	0
604	161	488	0	296	296	0
604	330	660	0	246	246	0
604	3818	660	0	246	246	0
604	484	637	0	370	370	0
604	623	660	0	246	246	0
604	662	637	0	370	370	0
604	4024	488	0	296	296	0
604	1003	637	0	370	370	0
604	3464	660	0	246	246	0
604	3850	660	0	246	246	0
605	4518	660	0	246	246	0
605	235	660	0	246	246	0
605	2348	637	0	370	370	0
605	437	660	0	246	246	0
605	4586	488	0	296	296	0
605	549	637	0	370	370	0
605	3193	660	0	246	246	0
605	2026	660	0	246	246	0
605	1183	637	0	370	370	0
605	2201	488	0	296	296	0
606	76	637	0	370	370	0
606	351	660	0	246	246	0
606	1726	488	0	296	296	0
606	4499	660	0	246	246	0
606	1568	637	0	370	370	0
606	2581	637	0	370	370	0
606	4047	660	0	246	246	0
606	3783	488	0	296	296	0
606	3728	660	0	246	246	0
606	4923	660	0	246	246	0
606	1370	660	0	246	246	0
606	4359	637	0	370	370	0
607	4393	660	0	246	246	0
607	4843	660	0	246	246	0
607	3126	488	0	296	296	0
607	807	660	0	246	246	0
607	4145	637	0	370	370	0
607	3937	488	0	296	296	0
607	1166	637	0	370	370	0
607	2780	637	0	370	370	0
607	1497	660	0	246	246	0
608	1632	660	0	246	246	0
608	3291	660	0	246	246	0
608	3894	660	0	246	246	0
608	465	660	0	246	246	0
608	3535	637	0	370	370	0
608	3339	488	0	296	296	0
608	1847	660	0	246	246	0
608	3186	637	0	370	370	0
608	2228	637	0	370	370	0
608	4133	488	0	296	296	0
609	66	660	0	246	246	0
609	1672	660	0	246	246	0
609	4481	637	0	370	370	0
609	3265	637	0	370	370	0
609	3101	637	0	370	370	0
609	1844	637	0	370	370	0
609	1196	660	0	246	246	0
609	1218	488	0	296	296	0
609	1223	488	0	296	296	0
610	4524	660	0	246	246	0
610	245	637	0	370	370	0
610	3324	488	0	296	296	0
610	314	660	0	246	246	0
610	338	488	0	296	296	0
610	2065	660	0	246	246	0
610	2578	637	0	370	370	0
610	2518	637	0	370	370	0
610	2532	660	0	246	246	0
610	1216	660	0	246	246	0
611	47	660	0	246	246	0
611	3104	488	0	296	296	0
611	183	660	0	246	246	0
611	380	660	0	246	246	0
611	2509	605	0	370	370	0
611	2067	637	0	370	370	0
611	4098	637	0	370	370	0
611	1093	660	0	246	246	0
611	4533	637	0	370	370	0
612	2390	660	0	246	246	0
612	2736	660	0	246	246	0
612	3930	660	0	246	246	0
612	3301	488	0	296	296	0
612	1627	660	0	246	246	0
612	1094	637	0	370	370	0
612	3562	637	0	370	370	0
612	2239	488	0	296	296	0
612	1347	637	0	370	370	0
613	214	660	0	246	246	0
613	3461	660	0	246	246	0
613	529	637	0	370	370	0
613	1560	637	0	370	370	0
613	1244	637	0	370	370	0
613	2875	488	0	296	296	0
613	1358	488	0	296	296	0
613	2482	660	0	246	246	0
613	2861	660	0	246	246	0
613	4441	660	0	246	246	0
614	106	488	0	296	296	0
614	244	637	0	370	370	0
614	282	488	0	296	296	0
614	2727	637	0	370	370	0
614	538	660	0	246	246	0
614	900	660	0	246	246	0
614	4138	660	0	246	246	0
614	1819	660	0	246	246	0
614	2358	637	0	370	370	0
615	4756	637	0	370	370	0
615	1699	488	0	296	296	0
615	2231	488	0	296	296	0
615	321	660	0	246	246	0
615	1561	660	0	246	246	0
615	4115	660	0	246	246	0
615	927	660	0	246	246	0
615	1222	637	0	370	370	0
615	4511	637	0	370	370	0
615	3095	660	0	246	246	0
616	2888	637	0	370	370	0
616	1589	660	0	246	246	0
616	3593	637	0	370	370	0
616	2247	660	0	246	246	0
616	2419	660	0	246	246	0
616	3559	637	0	370	370	0
616	1186	488	0	296	296	0
616	3748	660	0	246	246	0
616	4892	488	0	296	296	0
617	4816	660	0	246	246	0
617	3672	488	0	296	296	0
617	2477	660	0	246	246	0
617	4526	488	0	296	296	0
617	3626	637	0	370	370	0
617	3488	660	0	246	246	0
617	1012	605	0	370	370	0
617	1567	637	0	370	370	0
617	1239	637	0	370	370	0
617	1270	660	0	246	246	0
617	4644	660	0	246	246	0
618	87	660	0	246	246	0
618	386	637	0	370	370	0
618	404	834	0	370	370	0
618	2140	637	0	370	370	0
618	2795	488	0	296	296	0
618	692	637	0	370	370	0
618	976	660	0	246	246	0
618	2594	660	0	246	246	0
618	1257	660	0	246	246	0
619	17	660	0	246	246	0
619	4523	488	0	296	296	0
619	2527	637	0	370	370	0
619	4226	660	0	246	246	0
619	1735	660	0	246	246	0
619	3398	488	0	296	296	0
619	2054	660	0	246	246	0
619	1835	637	0	370	370	0
619	2545	637	0	370	370	0
620	3869	660	0	246	246	0
620	206	488	0	296	296	0
620	476	660	0	246	246	0
620	518	488	0	296	296	0
620	2027	637	0	370	370	0
620	908	660	0	246	246	0
620	1022	637	0	370	370	0
620	1916	660	0	246	246	0
620	4409	637	0	370	370	0
621	3503	488	0	296	296	0
621	3813	488	0	296	296	0
621	1939	660	0	246	246	0
621	2388	637	0	370	370	0
621	983	637	0	370	370	0
621	3406	660	0	246	246	0
621	4044	637	0	370	370	0
621	2870	660	0	246	246	0
622	185	660	0	246	246	0
622	252	660	0	246	246	0
622	283	637	0	370	370	0
622	2221	488	0	296	296	0
622	4621	637	0	370	370	0
622	4029	834	0	370	370	0
622	1712	488	0	296	296	0
622	855	637	0	370	370	0
622	1810	660	0	246	246	0
622	1789	660	0	246	246	0
622	4382	660	0	246	246	0
623	285	637	0	370	370	0
623	315	488	0	296	296	0
623	1591	660	0	246	246	0
623	985	637	0	370	370	0
623	3470	488	0	296	296	0
623	4635	637	0	370	370	0
623	1434	660	0	246	246	0
624	1680	660	0	246	246	0
624	709	660	0	246	246	0
624	3788	637	0	370	370	0
624	3350	488	0	296	296	0
624	1970	660	0	246	246	0
624	1808	488	0	296	296	0
624	3170	660	0	246	246	0
624	1745	637	0	370	370	0
624	3603	637	0	370	370	0
625	3227	660	0	246	246	0
625	3546	660	0	246	246	0
625	686	660	0	246	246	0
625	1111	637	0	370	370	0
625	3782	637	0	370	370	0
625	1287	488	0	296	296	0
625	2120	637	0	370	370	0
625	3933	488	0	296	296	0
626	62	637	0	370	370	0
626	2104	660	0	246	246	0
626	4058	488	0	296	296	0
626	3290	637	0	370	370	0
626	3448	660	0	246	246	0
626	3005	637	0	370	370	0
626	2131	660	0	246	246	0
626	942	660	0	246	246	0
626	1749	488	0	296	296	0
627	4826	660	0	246	246	0
627	2667	637	0	370	370	0
627	3167	637	0	370	370	0
627	3711	660	0	246	246	0
627	1657	660	0	246	246	0
627	1806	637	0	370	370	0
627	4820	886	0	370	370	0
627	4164	488	0	296	296	0
627	1522	660	0	246	246	0
627	1538	488	0	296	296	0
628	4757	660	0	246	246	0
628	4559	637	0	370	370	0
628	3814	637	0	370	370	0
628	2155	660	0	246	246	0
628	3413	488	0	296	296	0
628	470	660	0	246	246	0
628	727	637	0	370	370	0
628	846	488	0	296	296	0
628	883	660	0	246	246	0
629	85	637	0	370	370	0
629	2430	660	0	246	246	0
629	1660	660	0	246	246	0
629	374	660	0	246	246	0
629	391	488	0	296	296	0
629	1925	637	0	370	370	0
629	771	488	0	296	296	0
629	3701	637	0	370	370	0
629	3226	660	0	246	246	0
629	1329	660	0	246	246	0
630	2701	660	0	246	246	0
630	272	637	0	370	370	0
630	2459	660	0	246	246	0
630	503	637	0	370	370	0
630	690	660	0	246	246	0
630	3723	488	0	296	296	0
630	3300	637	0	370	370	0
631	22	637	0	370	370	0
631	4747	637	0	370	370	0
631	606	488	0	296	296	0
631	785	660	0	246	246	0
631	1024	637	0	370	370	0
631	3887	660	0	246	246	0
631	1245	660	0	246	246	0
631	4962	660	0	246	246	0
632	2845	637	0	370	370	0
632	4889	660	0	246	246	0
632	4470	488	0	296	296	0
632	3280	660	0	246	246	0
632	3826	637	0	370	370	0
632	4472	637	0	370	370	0
632	890	660	0	246	246	0
632	4161	660	0	246	246	0
632	2073	488	0	296	296	0
632	1535	660	0	246	246	0
633	208	488	0	296	296	0
633	292	660	0	246	246	0
633	4026	637	0	370	370	0
633	3467	660	0	246	246	0
633	4802	637	0	370	370	0
633	1882	637	0	370	370	0
633	948	660	0	246	246	0
633	1447	488	0	296	296	0
633	2319	660	0	246	246	0
634	1637	488	0	296	296	0
634	3200	660	0	246	246	0
634	4794	660	0	246	246	0
634	3393	637	0	370	370	0
634	3616	637	0	370	370	0
634	1105	488	0	296	296	0
634	1207	637	0	370	370	0
634	1980	660	0	246	246	0
635	4685	660	0	246	246	0
635	348	488	0	296	296	0
635	526	488	0	296	296	0
635	4273	637	0	370	370	0
635	4081	637	0	370	370	0
635	1356	660	0	246	246	0
635	1438	660	0	246	246	0
635	2404	637	0	370	370	0
636	417	637	0	370	370	0
636	4361	637	0	370	370	0
636	3515	660	0	246	246	0
636	4703	637	0	370	370	0
636	1116	488	0	296	296	0
636	4346	660	0	246	246	0
637	2134	488	0	296	296	0
637	1566	637	0	370	370	0
637	3453	637	0	370	370	0
637	3492	660	0	246	246	0
637	512	488	0	296	296	0
637	541	637	0	370	370	0
637	2289	660	0	246	246	0
637	1454	660	0	246	246	0
638	4540	660	0	246	246	0
638	362	660	0	246	246	0
638	2655	637	0	370	370	0
638	2979	637	0	370	370	0
638	4395	488	0	296	296	0
638	4485	660	0	246	246	0
638	2121	637	0	370	370	0
638	1598	488	0	296	296	0
639	3338	488	0	296	296	0
639	4205	660	0	246	246	0
639	3643	637	0	370	370	0
639	3575	660	0	246	246	0
639	4725	660	0	246	246	0
639	1125	637	0	370	370	0
639	1305	488	0	296	296	0
639	2622	637	0	370	370	0
640	2611	637	0	370	370	0
640	626	488	0	296	296	0
640	3552	660	0	246	246	0
640	4338	488	0	296	296	0
640	1663	637	0	370	370	0
640	4270	637	0	370	370	0
640	3238	660	0	246	246	0
640	2072	660	0	246	246	0
641	4436	488	0	296	296	0
641	3532	660	0	246	246	0
641	567	637	0	370	370	0
641	2949	637	0	370	370	0
641	2703	660	0	246	246	0
641	3686	660	0	246	246	0
641	4836	886	0	370	370	0
641	2638	488	0	296	296	0
641	1467	637	0	370	370	0
642	86	488	0	296	296	0
642	3953	660	0	246	246	0
642	1886	660	0	246	246	0
642	767	660	0	246	246	0
642	4135	637	0	370	370	0
642	1360	637	0	370	370	0
642	1477	637	0	370	370	0
643	2278	488	0	296	296	0
643	2188	637	0	370	370	0
643	3654	488	0	296	296	0
643	3485	637	0	370	370	0
643	551	660	0	246	246	0
643	2745	660	0	246	246	0
643	3507	637	0	370	370	0
644	1991	660	0	246	246	0
644	4429	660	0	246	246	0
644	460	660	0	246	246	0
644	862	637	0	370	370	0
644	4598	637	0	370	370	0
644	1041	488	0	296	296	0
644	4420	637	0	370	370	0
644	1484	660	0	246	246	0
645	2650	637	0	370	370	0
645	799	488	0	296	296	0
645	2759	488	0	296	296	0
645	4103	637	0	370	370	0
645	1915	637	0	370	370	0
645	3206	660	0	246	246	0
645	3607	660	0	246	246	0
646	511	660	0	246	246	0
646	762	637	0	370	370	0
646	3136	660	0	246	246	0
646	3828	488	0	296	296	0
646	1820	660	0	246	246	0
646	4517	637	0	370	370	0
646	4375	637	0	370	370	0
646	3680	488	0	296	296	0
647	2799	660	0	246	246	0
647	127	637	0	370	370	0
647	3439	488	0	296	296	0
647	543	488	0	296	296	0
647	1151	660	0	246	246	0
647	4845	637	0	370	370	0
647	1363	637	0	370	370	0
647	3536	660	0	246	246	0
648	32	660	0	246	246	0
648	54	637	0	370	370	0
648	4970	660	0	246	246	0
648	3399	637	0	370	370	0
648	2099	660	0	246	246	0
649	3847	637	0	370	370	0
649	3486	488	0	296	296	0
649	299	660	0	246	246	0
649	3045	660	0	246	246	0
649	4032	637	0	370	370	0
649	4418	637	0	370	370	0
649	4905	488	0	296	296	0
649	3789	660	0	246	246	0
649	1032	488	0	296	296	0
649	4683	637	0	370	370	0
650	3183	488	0	296	296	0
650	4154	637	0	370	370	0
650	373	637	0	370	370	0
650	2877	660	0	246	246	0
650	4242	660	0	246	246	0
650	4912	660	0	246	246	0
650	2024	637	0	370	370	0
651	89	637	0	370	370	0
651	190	660	0	246	246	0
651	3331	637	0	370	370	0
651	3168	637	0	370	370	0
651	995	660	0	246	246	0
651	1503	488	0	296	296	0
651	1523	660	0	246	246	0
652	4321	488	0	296	296	0
652	1758	637	0	370	370	0
652	3047	660	0	246	246	0
652	3844	660	0	246	246	0
652	1898	637	0	370	370	0
652	1106	637	0	370	370	0
652	2405	488	0	296	296	0
653	2958	488	0	296	296	0
653	4660	637	0	370	370	0
653	4804	660	0	246	246	0
653	270	660	0	246	246	0
653	783	660	0	246	246	0
653	1744	488	0	296	296	0
653	1208	637	0	370	370	0
653	2952	637	0	370	370	0
654	4483	637	0	370	370	0
654	269	660	0	246	246	0
654	1776	637	0	370	370	0
654	3683	660	0	246	246	0
654	4209	660	0	246	246	0
654	4817	637	0	370	370	0
654	1294	488	0	296	296	0
654	2456	488	0	296	296	0
655	3372	488	0	296	296	0
655	4822	660	0	246	246	0
655	4715	637	0	370	370	0
655	884	637	0	370	370	0
655	4752	488	0	296	296	0
655	1580	660	0	246	246	0
655	2779	637	0	370	370	0
656	419	637	0	370	370	0
656	3302	660	0	246	246	0
656	4501	637	0	370	370	0
656	1893	660	0	246	246	0
656	2445	660	0	246	246	0
656	2555	488	0	296	296	0
656	1543	637	0	370	370	0
657	50	637	0	370	370	0
657	411	637	0	370	370	0
657	2010	637	0	370	370	0
657	3898	488	0	296	296	0
657	2590	660	0	246	246	0
657	4775	488	0	296	296	0
657	1237	660	0	246	246	0
658	2342	488	0	296	296	0
658	1681	488	0	296	296	0
658	597	637	0	370	370	0
658	4238	637	0	370	370	0
658	3158	660	0	246	246	0
658	4679	637	0	370	370	0
658	3671	660	0	246	246	0
658	1817	660	0	246	246	0
658	3407	660	0	246	246	0
659	2103	660	0	246	246	0
659	4139	637	0	370	370	0
659	852	488	0	296	296	0
659	906	637	0	370	370	0
659	3888	660	0	246	246	0
659	4778	660	0	246	246	0
659	4852	637	0	370	370	0
660	3303	660	0	246	246	0
660	563	660	0	246	246	0
660	612	637	0	370	370	0
660	3006	660	0	246	246	0
660	1101	637	0	370	370	0
660	2894	637	0	370	370	0
660	1124	488	0	296	296	0
660	4781	488	0	296	296	0
661	3568	660	0	246	246	0
661	3731	488	0	296	296	0
661	385	637	0	370	370	0
661	458	637	0	370	370	0
661	2128	660	0	246	246	0
661	562	637	0	370	370	0
661	4369	660	0	246	246	0
661	996	605	0	370	370	0
661	3184	488	0	296	296	0
662	483	660	0	246	246	0
662	1807	488	0	296	296	0
662	2689	660	0	246	246	0
662	899	637	0	370	370	0
662	3346	637	0	370	370	0
662	1250	637	0	370	370	0
662	2573	660	0	246	246	0
663	3463	637	0	370	370	0
663	596	637	0	370	370	0
663	4320	660	0	246	246	0
663	1725	660	0	246	246	0
663	2330	488	0	296	296	0
663	2273	637	0	370	370	0
663	1373	660	0	246	246	0
664	2070	660	0	246	246	0
664	232	660	0	246	246	0
664	675	488	0	296	296	0
664	4527	637	0	370	370	0
664	4412	637	0	370	370	0
664	2318	637	0	370	370	0
664	1282	660	0	246	246	0
664	2034	488	0	296	296	0
665	1940	660	0	246	246	0
665	3729	637	0	370	370	0
665	1534	637	0	370	370	0
665	4112	488	0	296	296	0
665	659	660	0	246	246	0
665	840	660	0	246	246	0
665	1415	637	0	370	370	0
666	3840	660	0	246	246	0
666	633	488	0	296	296	0
666	4021	660	0	246	246	0
666	1800	660	0	246	246	0
666	922	637	0	370	370	0
666	954	637	0	370	370	0
666	1662	637	0	370	370	0
666	1421	488	0	296	296	0
667	4947	637	0	370	370	0
667	881	660	0	246	246	0
667	2631	660	0	246	246	0
667	2100	660	0	246	246	0
667	1897	637	0	370	370	0
667	1190	488	0	296	296	0
667	3703	488	0	296	296	0
667	1375	637	0	370	370	0
668	3743	660	0	246	246	0
668	1867	660	0	246	246	0
668	1085	488	0	296	296	0
668	1355	637	0	370	370	0
668	3526	637	0	370	370	0
669	2599	637	0	370	370	0
669	642	660	0	246	246	0
669	2306	637	0	370	370	0
669	4453	488	0	296	296	0
669	4293	660	0	246	246	0
669	2338	660	0	246	246	0
669	1348	637	0	370	370	0
669	2017	488	0	296	296	0
670	2911	637	0	370	370	0
670	4863	637	0	370	370	0
670	1771	488	0	296	296	0
670	4955	488	0	296	296	0
670	2944	637	0	370	370	0
670	3462	660	0	246	246	0
670	1337	660	0	246	246	0
670	2609	660	0	246	246	0
671	29	637	0	370	370	0
671	3752	660	0	246	246	0
671	3162	637	0	370	370	0
671	3872	660	0	246	246	0
671	1114	637	0	370	370	0
671	1410	488	0	296	296	0
671	1440	660	0	246	246	0
672	169	637	0	370	370	0
672	240	660	0	246	246	0
672	2439	660	0	246	246	0
672	825	637	0	370	370	0
672	1441	488	0	296	296	0
672	1457	637	0	370	370	0
673	147	637	0	370	370	0
673	2787	488	0	296	296	0
673	911	488	0	296	296	0
673	2717	637	0	370	370	0
674	1	637	0	370	370	0
674	4100	637	0	370	370	0
674	167	488	0	296	296	0
674	857	637	0	370	370	0
674	4092	488	0	296	296	0
674	1504	605	0	370	370	0
675	113	605	0	370	370	0
675	2691	637	0	370	370	0
675	2434	488	0	296	296	0
675	1474	488	0	296	296	0
676	4125	488	0	296	296	0
676	3085	488	0	296	296	0
677	3541	637	0	370	370	0
677	2856	488	0	296	296	0
679	303	660	0	246	246	0
679	2341	488	0	296	296	0
679	4056	488	0	296	296	0
680	3	488	0	296	296	0
680	4097	488	0	296	296	0
681	3588	488	0	296	296	0
681	3132	488	0	296	296	0
682	3141	488	0	296	296	0
682	3236	488	0	296	296	0
683	354	488	0	296	296	0
684	4374	488	0	296	296	0
685	621	488	0	296	296	0
685	2840	488	0	296	296	0
686	4726	488	0	296	296	0
687	3960	488	0	296	296	0
687	3135	488	0	296	296	0
688	2588	886	0	370	370	0
688	4025	488	0	296	296	0
688	4673	488	0	296	296	0
689	969	488	0	296	296	0
690	2764	488	0	296	296	0
691	4341	488	0	296	296	0
691	2028	488	0	296	296	0
691	4082	637	0	370	370	0
692	3444	605	0	370	370	0
692	3983	488	0	296	296	0
693	3130	488	0	296	296	0
693	4464	488	0	296	296	0
694	3577	488	0	296	296	0
694	4547	488	0	296	296	0
695	4620	488	0	296	296	0
696	4322	488	0	296	296	0
696	3625	488	0	296	296	0
697	3334	488	0	296	296	0
697	4602	488	0	296	296	0
698	2751	488	0	296	296	0
698	758	488	0	296	296	0
699	1742	488	0	296	296	0
700	4071	488	0	296	296	0
701	2755	488	0	296	296	0
702	174	488	0	296	296	0
702	1481	488	0	296	296	0
703	378	488	0	296	296	0
703	669	488	0	296	296	0
704	1790	488	0	296	296	0
704	667	488	0	296	296	0
705	2660	488	0	296	296	0
705	2284	488	0	296	296	0
707	1777	488	0	296	296	0
707	2154	488	0	296	296	0
708	3695	488	0	296	296	0
708	4073	488	0	296	296	0
709	2479	488	0	296	296	0
710	4935	660	0	246	246	0
710	1631	488	0	296	296	0
710	844	488	0	296	296	0
711	4191	488	0	296	296	0
711	4102	488	0	296	296	0
712	3976	488	0	296	296	0
712	1317	488	0	296	296	0
713	368	488	0	296	296	0
714	1849	660	0	246	246	0
714	4315	488	0	296	296	0
714	1782	488	0	296	296	0
715	2633	488	0	296	296	0
716	4813	488	0	296	296	0
717	2733	488	0	296	296	0
717	3858	488	0	296	296	0
718	4839	488	0	296	296	0
718	4336	488	0	296	296	0
719	590	488	0	296	296	0
720	434	488	0	296	296	0
720	716	488	0	296	296	0
721	4769	488	0	296	296	0
721	814	488	0	296	296	0
722	1990	488	0	296	296	0
723	1555	488	0	296	296	0
723	979	488	0	296	296	0
724	980	488	0	296	296	0
724	2208	660	0	246	246	0
725	1865	488	0	296	296	0
725	1794	488	0	296	296	0
726	381	605	0	370	370	0
726	426	488	0	296	296	0
726	2465	488	0	296	296	0
727	4295	488	0	296	296	0
729	3751	488	0	296	296	0
729	2142	488	0	296	296	0
730	2206	488	0	296	296	0
731	1965	488	0	296	296	0
732	33	660	0	246	246	0
732	410	488	0	296	296	0
732	4292	488	0	296	296	0
733	706	488	0	296	296	0
733	1754	488	0	296	296	0
734	3545	488	0	296	296	0
735	2269	637	0	370	370	0
735	3800	488	0	296	296	0
735	921	488	0	296	296	0
736	234	488	0	296	296	0
736	2006	660	0	246	246	0
737	2747	488	0	296	296	0
737	3010	488	0	296	296	0
738	4758	488	0	296	296	0
739	833	488	0	296	296	0
739	4543	488	0	296	296	0
740	2857	488	0	296	296	0
741	4419	637	0	370	370	0
741	3244	488	0	296	296	0
741	1372	488	0	296	296	0
742	3319	488	0	296	296	0
743	430	488	0	296	296	0
743	3390	488	0	296	296	0
745	2313	488	0	296	296	0
745	3611	488	0	296	296	0
746	4106	488	0	296	296	0
746	1280	488	0	296	296	0
747	3614	488	0	296	296	0
748	447	488	0	296	296	0
748	575	488	0	296	296	0
749	1215	488	0	296	296	0
749	3651	488	0	296	296	0
751	4002	637	0	370	370	0
752	1696	637	0	370	370	0
754	831	637	0	370	370	0
754	1079	637	0	370	370	0
756	3199	660	0	246	246	0
767	1217	637	0	370	370	0
782	3224	637	0	370	370	0
785	4767	637	0	370	370	0
789	588	637	0	370	370	0
793	617	637	0	370	370	0
797	4930	637	0	370	370	0
803	4730	488	0	296	296	0
807	4187	637	0	370	370	0
814	2980	637	0	370	370	0
818	4908	637	0	370	370	0
818	1881	637	0	370	370	0
819	2537	637	0	370	370	0
820	1253	637	0	370	370	0
822	1772	637	0	370	370	0
823	144	637	0	370	370	0
826	2544	637	0	370	370	0
829	2867	637	0	370	370	0
831	3299	660	0	246	246	0
833	188	637	0	370	370	0
834	39	637	0	370	370	0
836	752	637	0	370	370	0
837	2484	637	0	370	370	0
837	3386	637	0	370	370	0
837	3435	637	0	370	370	0
839	2490	637	0	370	370	0
839	4345	637	0	370	370	0
840	2971	637	0	370	370	0
843	1229	637	0	370	370	0
844	4381	637	0	370	370	0
844	2920	637	0	370	370	0
845	353	637	0	370	370	0
846	322	637	0	370	370	0
847	3119	637	0	370	370	0
848	205	637	0	370	370	0
848	925	637	0	370	370	0
849	3420	637	0	370	370	0
850	3889	637	0	370	370	0
850	1669	660	0	246	246	0
851	2651	637	0	370	370	0
851	505	637	0	370	370	0
851	2372	637	0	370	370	0
854	1448	637	0	370	370	0
855	4171	660	0	246	246	0
859	3447	637	0	370	370	0
859	2396	637	0	370	370	0
860	3042	637	0	370	370	0
862	3721	637	0	370	370	0
864	1978	637	0	370	370	0
864	4698	637	0	370	370	0
866	3310	637	0	370	370	0
867	2039	637	0	370	370	0
868	4312	637	0	370	370	0
870	525	637	0	370	370	0
875	2879	488	0	296	296	0
877	4803	637	0	370	370	0
882	1139	637	0	370	370	0
882	3261	637	0	370	370	0
883	2216	637	0	370	370	0
884	65	637	0	370	370	0
884	2643	637	0	370	370	0
885	219	637	0	370	370	0
885	4777	637	0	370	370	0
886	602	637	0	370	370	0
887	2226	637	0	370	370	0
887	3197	637	0	370	370	0
887	1189	637	0	370	370	0
890	2836	637	0	370	370	0
891	4076	637	0	370	370	0
891	3796	637	0	370	370	0
892	1191	637	0	370	370	0
892	2565	637	0	370	370	0
892	3993	637	0	370	370	0
898	2900	637	0	370	370	0
900	415	637	0	370	370	0
900	605	637	0	370	370	0
901	131	637	0	274	274	0
901	2821	370	0	265	265	0
901	3405	370	0	265	265	0
901	1698	370	0	265	265	0
901	920	370	0	265	265	0
901	952	370	0	265	265	0
901	4356	637	0	274	274	0
901	1238	370	0	265	265	0
901	3456	370	0	265	265	0
901	1328	637	0	274	274	0
902	3379	637	0	274	274	0
902	4872	370	0	265	265	0
902	2663	637	0	274	274	0
903	413	370	0	265	265	0
903	4086	370	0	265	265	0
903	1983	637	0	274	274	0
904	4853	637	0	274	274	0
904	4462	370	0	265	265	0
904	1400	370	0	265	265	0
905	3550	370	0	265	265	0
905	4158	370	0	265	265	0
906	4708	370	0	265	265	0
906	4297	637	0	274	274	0
906	1107	370	0	265	265	0
907	95	370	0	265	265	0
907	135	637	0	274	274	0
907	1069	370	0	265	265	0
908	1700	370	0	265	265	0
908	1536	370	0	265	265	0
909	2982	637	0	274	274	0
909	4398	637	0	274	274	0
909	3817	370	0	265	265	0
909	2123	370	0	265	265	0
910	849	370	0	265	265	0
910	4334	370	0	265	265	0
911	3142	370	0	265	265	0
911	4815	637	0	274	274	0
911	1649	370	0	265	265	0
912	24	370	0	265	265	0
912	1550	370	0	265	265	0
913	2714	370	0	265	265	0
913	792	370	0	265	265	0
914	446	637	0	274	274	0
914	1572	370	0	265	265	0
914	3401	637	0	274	274	0
914	1168	637	0	274	274	0
914	1258	370	0	265	265	0
915	4724	370	0	265	265	0
915	701	370	0	265	265	0
915	3096	637	0	274	274	0
916	145	370	0	265	265	0
916	4535	370	0	265	265	0
917	1787	370	0	265	265	0
917	1878	370	0	265	265	0
917	2796	637	0	274	274	0
918	517	370	0	265	265	0
918	3446	370	0	265	265	0
919	693	370	0	265	265	0
919	3690	370	0	265	265	0
920	4936	370	0	265	265	0
920	379	370	0	265	265	0
920	3890	637	0	274	274	0
921	2333	370	0	265	265	0
921	1162	370	0	265	265	0
922	212	637	0	274	274	0
922	298	370	0	265	265	0
922	4799	370	0	265	265	0
922	1172	637	0	274	274	0
923	1406	370	0	265	265	0
923	808	370	0	265	265	0
924	2350	370	0	265	265	0
924	4623	637	0	274	274	0
924	2368	370	0	265	265	0
925	1427	370	0	265	265	0
926	879	370	0	265	265	0
926	1936	637	0	274	274	0
926	2880	370	0	265	265	0
927	4249	370	0	265	265	0
927	4736	370	0	265	265	0
928	2659	370	0	265	265	0
928	4186	637	0	274	274	0
928	1390	370	0	265	265	0
928	1387	637	0	274	274	0
929	4391	637	0	274	274	0
929	579	370	0	265	265	0
929	1021	370	0	265	265	0
930	826	637	0	274	274	0
930	907	370	0	265	265	0
931	2519	637	0	274	274	0
931	1145	370	0	265	265	0
931	2531	637	0	274	274	0
931	1320	370	0	265	265	0
932	2109	370	0	265	265	0
932	2540	370	0	265	265	0
932	4713	637	0	274	274	0
932	859	637	0	274	274	0
933	4430	370	0	265	265	0
933	1118	370	0	265	265	0
934	1408	637	0	274	274	0
934	4406	370	0	265	265	0
934	3621	637	0	274	274	0
934	4314	637	0	274	274	0
935	2513	370	0	265	265	0
935	3939	370	0	265	265	0
935	1953	637	0	274	274	0
936	2945	370	0	265	265	0
936	4276	370	0	265	265	0
936	1929	637	0	274	274	0
937	163	637	0	274	274	0
937	3220	637	0	274	274	0
937	2533	637	0	274	274	0
937	3381	370	0	265	265	0
937	4196	370	0	265	265	0
938	2180	370	0	265	265	0
938	1573	370	0	265	265	0
939	2657	370	0	265	265	0
939	1490	637	0	274	274	0
939	3517	637	0	274	274	0
940	177	370	0	265	265	0
940	3706	370	0	265	265	0
941	1838	370	0	265	265	0
941	1330	370	0	265	265	0
942	3745	637	0	274	274	0
942	1746	370	0	265	265	0
942	1046	637	0	274	274	0
942	2007	637	0	274	274	0
943	74	370	0	265	265	0
943	2115	370	0	265	265	0
943	817	637	0	274	274	0
944	3574	370	0	265	265	0
944	2235	370	0	265	265	0
945	3233	370	0	265	265	0
945	2463	370	0	265	265	0
946	3029	370	0	265	265	0
947	162	370	0	265	265	0
947	554	637	0	274	274	0
947	2897	370	0	265	265	0
948	4190	370	0	265	265	0
948	1040	370	0	265	265	0
949	237	370	0	265	265	0
949	4694	637	0	274	274	0
949	4040	637	0	274	274	0
949	4801	370	0	265	265	0
950	4269	370	0	265	265	0
951	2384	637	0	274	274	0
951	1407	370	0	265	265	0
951	3388	637	0	274	274	0
951	782	370	0	265	265	0
952	923	370	0	265	265	0
952	1937	370	0	265	265	0
953	530	370	0	265	265	0
953	1349	370	0	265	265	0
954	3230	370	0	265	265	0
954	3879	370	0	265	265	0
955	3966	370	0	265	265	0
955	4087	370	0	265	265	0
955	3479	637	0	274	274	0
956	4773	370	0	265	265	0
957	1634	370	0	265	265	0
957	1130	370	0	265	265	0
958	4762	370	0	265	265	0
958	502	637	0	274	274	0
958	2203	370	0	265	265	0
959	3633	370	0	265	265	0
959	2391	637	0	274	274	0
959	2326	370	0	265	265	0
960	3044	370	0	265	265	0
961	848	370	0	265	265	0
961	1331	370	0	265	265	0
962	297	370	0	265	265	0
962	4227	637	0	274	274	0
962	2407	370	0	265	265	0
963	168	370	0	265	265	0
963	2868	637	0	274	274	0
963	286	370	0	265	265	0
963	4077	637	0	274	274	0
964	1556	370	0	265	265	0
964	4891	370	0	265	265	0
965	420	370	0	265	265	0
966	1369	370	0	265	265	0
966	3563	370	0	265	265	0
966	4901	637	0	274	274	0
966	3124	637	0	274	274	0
966	3512	637	0	274	274	0
967	30	637	0	274	274	0
967	149	637	0	274	274	0
967	789	370	0	265	265	0
968	2914	370	0	265	265	0
968	3053	370	0	265	265	0
969	51	637	0	274	274	0
969	4425	637	0	274	274	0
969	560	637	0	274	274	0
969	2707	370	0	265	265	0
969	3903	370	0	265	265	0
970	2187	370	0	265	265	0
971	4999	370	0	265	265	0
971	344	370	0	265	265	0
971	4507	637	0	274	274	0
972	2096	637	0	274	274	0
972	290	637	0	274	274	0
972	661	370	0	265	265	0
972	4560	370	0	265	265	0
973	388	370	0	265	265	0
974	2936	370	0	265	265	0
974	248	637	0	274	274	0
974	3656	637	0	274	274	0
974	3030	370	0	265	265	0
975	3223	637	0	274	274	0
975	993	370	0	265	265	0
975	1398	637	0	274	274	0
975	4591	637	0	274	274	0
976	4933	370	0	265	265	0
977	780	370	0	265	265	0
977	4643	370	0	265	265	0
978	422	637	0	274	274	0
978	3260	370	0	265	265	0
978	1295	370	0	265	265	0
979	4538	637	0	274	274	0
979	510	637	0	274	274	0
979	802	370	0	265	265	0
980	295	370	0	265	265	0
980	682	637	0	274	274	0
980	2576	370	0	265	265	0
981	4737	370	0	265	265	0
981	1765	660	0	246	246	0
982	3355	370	0	265	265	0
982	2757	370	0	265	265	0
982	1499	637	0	274	274	0
982	2820	637	0	274	274	0
983	423	370	0	265	265	0
983	1611	370	0	265	265	0
983	1639	637	0	274	274	0
984	3868	637	0	274	274	0
985	2730	370	0	265	265	0
985	4232	637	0	274	274	0
985	2791	370	0	265	265	0
986	2447	370	0	265	265	0
986	608	370	0	265	265	0
986	2526	637	0	274	274	0
987	3088	637	0	274	274	0
987	1334	370	0	265	265	0
987	1418	370	0	265	265	0
988	4521	370	0	265	265	0
988	571	637	0	274	274	0
988	4714	370	0	265	265	0
989	1876	370	0	265	265	0
990	519	637	0	274	274	0
990	2277	370	0	265	265	0
990	2841	370	0	265	265	0
991	102	370	0	265	265	0
991	585	637	0	274	274	0
991	4136	637	0	274	274	0
992	2562	370	0	265	265	0
992	2288	370	0	265	265	0
993	2918	370	0	265	265	0
993	140	637	0	274	274	0
993	3857	637	0	274	274	0
993	1308	370	0	265	265	0
994	3344	370	0	265	265	0
994	2271	637	0	274	274	0
994	1388	370	0	265	265	0
995	3292	637	0	274	274	0
995	304	637	0	274	274	0
995	1013	637	0	274	274	0
996	1904	370	0	265	265	0
996	3852	370	0	265	265	0
997	4497	370	0	265	265	0
997	4014	637	0	274	274	0
997	1136	370	0	265	265	0
999	2016	370	0	265	265	0
999	3459	637	0	274	274	0
999	2184	370	0	265	265	0
999	1004	637	0	274	274	0
1000	2921	370	0	265	265	0
1000	3579	370	0	265	265	0
1001	3382	370	0	265	265	0
1001	2111	637	0	274	274	0
1002	448	370	0	265	265	0
1002	1529	370	0	265	265	0
1003	2309	637	0	274	274	0
1003	3906	370	0	265	265	0
1003	1303	370	0	265	265	0
1004	3138	370	0	265	265	0
1004	2919	370	0	265	265	0
1005	1493	370	0	265	265	0
1005	4998	370	0	265	265	0
1005	3031	637	0	274	274	0
1006	604	370	0	265	265	0
1007	1850	370	0	265	265	0
1007	4449	637	0	274	274	0
1008	2046	637	0	274	274	0
1008	4159	637	0	274	274	0
1008	3195	370	0	265	265	0
1008	1414	370	0	265	265	0
1008	644	637	0	274	274	0
1009	3395	370	0	265	265	0
1009	2018	370	0	265	265	0
1010	4887	370	0	265	265	0
1010	3795	370	0	265	265	0
1011	1601	637	0	274	274	0
1011	1333	637	0	274	274	0
1012	71	637	0	274	274	0
1012	4268	370	0	265	265	0
1012	1381	370	0	265	265	0
1012	4710	637	0	274	274	0
1013	307	370	0	265	265	0
1013	4711	370	0	265	265	0
1013	4569	637	0	274	274	0
1014	4023	637	0	274	274	0
1014	3352	370	0	265	265	0
1014	4165	370	0	265	265	0
1015	643	370	0	265	265	0
1015	793	370	0	265	265	0
1016	2957	637	0	274	274	0
1016	4825	370	0	265	265	0
1016	917	637	0	274	274	0
1017	2511	637	0	274	274	0
1017	3455	370	0	265	265	0
1017	1492	370	0	265	265	0
1018	1900	370	0	265	265	0
1018	3410	637	0	274	274	0
1019	2435	370	0	265	265	0
1019	3935	637	0	274	274	0
1019	3317	637	0	274	274	0
1020	376	370	0	265	265	0
1020	466	370	0	265	265	0
1020	2246	637	0	274	274	0
1020	1198	637	0	274	274	0
1021	3087	370	0	265	265	0
1021	558	370	0	265	265	0
1022	2359	370	0	265	265	0
1023	2110	637	0	274	274	0
1023	3437	637	0	274	274	0
1023	3524	370	0	265	265	0
1023	648	370	0	265	265	0
1023	4031	637	0	274	274	0
1025	2898	370	0	265	265	0
1025	1501	370	0	265	265	0
1026	1993	370	0	265	265	0
1026	1585	637	0	274	274	0
1026	4541	637	0	274	274	0
1027	4938	370	0	265	265	0
1027	3109	370	0	265	265	0
1028	311	370	0	265	265	0
1028	4134	370	0	265	265	0
1029	1087	370	0	265	265	0
1030	3585	370	0	265	265	0
1031	191	637	0	274	274	0
1032	2598	370	0	265	265	0
1032	714	370	0	265	265	0
1032	769	370	0	265	265	0
1032	3519	637	0	274	274	0
1033	3794	370	0	265	265	0
1034	1583	370	0	265	265	0
1034	4879	370	0	265	265	0
1034	3365	637	0	274	274	0
1035	194	370	0	265	265	0
1035	4755	370	0	265	265	0
1036	4206	370	0	265	265	0
1037	2119	370	0	265	265	0
1038	3349	370	0	265	265	0
1039	4248	370	0	265	265	0
1039	4201	370	0	265	265	0
1040	877	370	0	265	265	0
1041	2686	370	0	265	265	0
1041	1869	370	0	265	265	0
1042	3766	370	0	265	265	0
1042	4579	370	0	265	265	0
1043	981	370	0	265	265	0
1044	1952	370	0	265	265	0
1045	4634	370	0	265	265	0
1045	3962	637	0	274	274	0
1045	3146	370	0	265	265	0
1045	2987	637	0	274	274	0
1046	1153	370	0	265	265	0
1047	1394	370	0	265	265	0
1047	2127	637	0	274	274	0
1047	3363	637	0	274	274	0
1048	485	370	0	265	265	0
1048	3169	637	0	274	274	0
1048	3998	637	0	274	274	0
1048	4258	370	0	265	265	0
1049	2873	370	0	265	265	0
1049	3952	370	0	265	265	0
1049	1831	637	0	274	274	0
1049	3259	637	0	274	274	0
1050	4246	370	0	265	265	0
1051	4376	637	0	274	274	0
1051	436	370	0	265	265	0
1052	1871	637	0	274	274	0
1052	1653	637	0	274	274	0
1052	4939	637	0	274	274	0
1052	4515	370	0	265	265	0
1053	2210	370	0	265	265	0
1054	1926	370	0	265	265	0
1055	2741	637	0	274	274	0
1057	4583	637	0	274	274	0
1057	698	370	0	265	265	0
1057	4486	370	0	265	265	0
1058	2514	637	0	274	274	0
1058	1053	637	0	274	274	0
1058	1199	637	0	274	274	0
1059	4651	637	0	274	274	0
1059	4580	637	0	274	274	0
1060	4105	637	0	274	274	0
1061	2685	637	0	274	274	0
1066	3675	637	0	274	274	0
1066	4508	637	0	274	274	0
1067	671	637	0	274	274	0
1068	1569	370	0	265	265	0
1069	2023	370	0	265	265	0
1073	98	637	0	274	274	0
1074	974	637	0	274	274	0
1075	3082	637	0	274	274	0
1076	3125	637	0	274	274	0
1076	4866	637	0	274	274	0
1079	940	637	0	274	274	0
1080	2934	637	0	274	274	0
1080	2152	637	0	274	274	0
1082	1147	637	0	274	274	0
1086	2212	637	0	274	274	0
1087	1405	637	0	274	274	0
1088	2158	637	0	274	274	0
1090	48	637	0	274	274	0
1090	2600	637	0	274	274	0
1091	2510	637	0	274	274	0
1091	4172	637	0	274	274	0
1091	2320	637	0	274	274	0
1092	325	637	0	274	274	0
1093	2954	637	0	274	274	0
1093	400	637	0	274	274	0
1094	3163	370	0	265	265	0
1098	2442	637	0	274	274	0
1101	2394	637	0	274	274	0
1102	1225	637	0	274	274	0
1103	1047	637	0	274	274	0
1104	157	637	0	274	274	0
1104	2061	637	0	274	274	0
1104	1736	637	0	274	274	0
1105	1276	637	0	274	274	0
1112	4377	637	0	274	274	0
1113	4827	637	0	274	274	0
1113	2804	637	0	274	274	0
1113	3838	637	0	274	274	0
1118	3768	637	0	274	274	0
1120	656	637	0	274	274	0
1121	492	637	0	274	274	0
1121	936	637	0	274	274	0
1122	215	637	0	274	274	0
1122	1753	637	0	274	274	0
1122	574	637	0	274	274	0
1122	2502	637	0	274	274	0
1125	2774	637	0	274	274	0
1127	3079	637	0	274	274	0
1127	901	637	0	274	274	0
1128	1861	637	0	274	274	0
1129	1327	637	0	274	274	0
1130	2794	637	0	274	274	0
1130	3285	637	0	274	274	0
1132	2307	637	0	274	274	0
1133	2852	370	0	265	265	0
1140	1288	637	0	274	274	0
1146	3428	637	0	274	274	0
1148	1278	637	0	274	274	0
1149	231	637	0	274	274	0
1149	1559	637	0	274	274	0
1150	3450	637	0	274	274	0
1150	2636	637	0	274	274	0
1151	4718	637	0	274	274	0
1153	761	637	0	274	274	0
1154	4881	637	0	274	274	0
1155	1012	370	0	265	265	0
1160	1078	637	0	274	274	0
1162	4061	370	0	265	265	0
1163	1675	637	0	274	274	0
1163	735	637	0	274	274	0
1166	67	637	0	274	274	0
1166	1889	637	0	274	274	0
1167	221	637	0	274	274	0
1169	1962	637	0	274	274	0
1172	459	637	0	274	274	0
1172	613	637	0	274	274	0
1177	4868	637	0	274	274	0
1180	4729	637	0	274	274	0
1182	3274	637	0	274	274	0
1188	126	637	0	274	274	0
1189	2943	637	0	274	274	0
1192	4354	637	0	274	274	0
1193	2250	637	0	274	274	0
1198	811	637	0	274	274	0
1199	996	370	0	265	265	0
1203	986	637	0	274	274	0
1204	614	637	0	274	274	0
1204	1098	637	0	274	274	0
1205	4360	637	0	274	274	0
1210	680	637	0	274	274	0
1213	2923	637	0	274	274	0
1220	2509	370	0	265	265	0
1236	1731	637	0	274	274	0
1237	3444	370	0	265	265	0
1247	243	637	0	274	274	0
1248	2031	637	0	274	274	0
1252	1043	637	0	274	274	0
1266	3214	637	0	274	274	0
1268	4716	637	0	274	274	0
1268	1610	637	0	274	274	0
1270	4403	637	0	274	274	0
1274	2983	637	0	274	274	0
1277	3315	637	0	274	274	0
1285	3326	637	0	274	274	0
1286	4764	637	0	274	274	0
1286	1299	637	0	274	274	0
1289	2351	637	0	274	274	0
1291	55	637	0	274	274	0
1292	3854	637	0	274	274	0
1295	4250	637	0	274	274	0
1306	2133	637	0	274	274	0
1309	1613	637	0	274	274	0
1321	1504	370	0	265	265	0
1324	4565	637	0	274	274	0
1324	2337	637	0	274	274	0
1326	4856	637	0	274	274	0
1328	2245	637	0	274	274	0
1343	3265	370	0	265	265	0
1356	888	637	0	274	274	0
1359	3005	370	0	265	265	0
1375	549	370	0	265	265	0
1377	1568	370	0	265	265	0
1379	3212	370	0	265	265	0
1382	2336	637	0	274	274	0
1385	113	370	0	265	265	0
1387	3535	370	0	265	265	0
1391	2218	637	0	274	274	0
1398	4310	370	0	265	265	0
1398	4214	637	0	274	274	0
1400	381	370	0	265	265	0
1402	2067	370	0	265	265	0
1402	1022	370	0	265	265	0
1403	4026	370	0	265	265	0
1403	4044	370	0	265	265	0
1404	1094	370	0	265	265	0
1410	2581	370	0	265	265	0
1414	4472	370	0	265	265	0
1424	386	370	0	265	265	0
1431	691	637	0	274	274	0
1436	4756	370	0	265	265	0
1436	283	370	0	265	265	0
1438	1183	370	0	265	265	0
1440	4835	370	0	265	265	0
1443	3674	637	0	274	274	0
1443	4635	370	0	265	265	0
1445	4511	370	0	265	265	0
1445	4098	370	0	265	265	0
1446	484	370	0	265	265	0
1447	4559	370	0	265	265	0
1452	3453	370	0	265	265	0
1452	3562	370	0	265	265	0
1453	1745	370	0	265	265	0
1454	244	370	0	265	265	0
1456	347	637	0	274	274	0
1458	1885	370	0	265	265	0
1461	3559	370	0	265	265	0
1462	4145	370	0	265	265	0
1464	35	370	0	265	265	0
1466	2348	370	0	265	265	0
1470	4621	370	0	265	265	0
1470	4667	637	0	274	274	0
1474	76	370	0	265	265	0
1474	4802	370	0	265	265	0
1477	1003	370	0	265	265	0
1484	2727	370	0	265	265	0
1484	2027	370	0	265	265	0
1485	3290	370	0	265	265	0
1485	3393	370	0	265	265	0
1489	22	370	0	265	265	0
1492	2908	370	0	265	265	0
1496	3603	370	0	265	265	0
1501	1162	265	0	259	259	0
1501	1418	265	0	259	259	0
1501	3550	265	0	259	259	0
1501	789	265	0	259	259	0
1501	1331	265	0	259	259	0
1501	907	265	0	259	259	0
1501	4801	265	0	259	259	0
1502	2326	265	0	259	259	0
1503	388	265	0	259	259	0
1503	3817	265	0	259	259	0
1504	2659	265	0	259	259	0
1504	3381	265	0	259	259	0
1505	3966	265	0	259	259	0
1505	420	265	0	259	259	0
1506	4998	265	0	259	259	0
1506	4747	370	0	274	274	0
1506	2707	265	0	259	259	0
1507	1937	265	0	259	259	0
1507	3044	265	0	259	259	0
1507	4598	370	0	274	274	0
1508	4430	265	0	259	259	0
1508	168	265	0	259	259	0
1509	2518	370	0	274	274	0
1509	4276	265	0	259	259	0
1509	1021	265	0	259	259	0
1510	4081	370	0	274	274	0
1510	1369	265	0	259	259	0
1510	3029	265	0	259	259	0
1511	2945	265	0	259	259	0
1511	782	265	0	259	259	0
1512	2407	265	0	259	259	0
1512	792	265	0	259	259	0
1513	4196	265	0	259	259	0
1513	4361	370	0	274	274	0
1513	1295	265	0	259	259	0
1513	2228	370	0	274	274	0
1514	2109	265	0	259	259	0
1514	923	265	0	259	259	0
1515	74	265	0	259	259	0
1515	4703	370	0	274	274	0
1515	1567	370	0	274	274	0
1515	4714	265	0	259	259	0
1516	1330	265	0	259	259	0
1516	3030	265	0	259	259	0
1517	2979	370	0	274	274	0
1517	4270	370	0	274	274	0
1517	693	265	0	259	259	0
1517	3233	265	0	259	259	0
1518	2540	265	0	259	259	0
1518	3626	370	0	274	274	0
1518	879	265	0	259	259	0
1519	285	370	0	274	274	0
1519	4737	265	0	259	259	0
1519	1573	265	0	259	259	0
1519	3788	370	0	274	274	0
1520	4190	265	0	259	259	0
1520	4762	265	0	259	259	0
1520	862	370	0	274	274	0
1521	1244	370	0	274	274	0
1521	298	265	0	259	259	0
1521	3633	265	0	259	259	0
1522	4521	265	0	259	259	0
1522	2527	370	0	274	274	0
1522	3563	265	0	259	259	0
1523	3053	265	0	259	259	0
1523	1611	265	0	259	259	0
1524	2513	265	0	259	259	0
1524	2187	265	0	259	259	0
1525	2463	265	0	259	259	0
1525	1407	265	0	259	259	0
1526	3564	637	0	274	274	0
1526	3382	265	0	259	259	0
1526	1130	265	0	259	259	0
1527	1758	370	0	274	274	0
1527	2841	265	0	259	259	0
1528	2562	265	0	259	259	0
1528	3939	265	0	259	259	0
1528	4103	370	0	274	274	0
1529	2203	265	0	259	259	0
1529	2919	265	0	259	259	0
1530	448	265	0	259	259	0
1530	802	265	0	259	259	0
1531	2447	265	0	259	259	0
1531	245	370	0	274	274	0
1531	274	370	0	274	274	0
1531	3643	370	0	274	274	0
1531	4933	265	0	259	259	0
1532	3475	370	0	274	274	0
1532	1746	265	0	259	259	0
1533	3138	265	0	259	259	0
1533	2897	265	0	259	259	0
1534	3344	265	0	259	259	0
1534	2235	265	0	259	259	0
1535	417	370	0	274	274	0
1535	3706	265	0	259	259	0
1536	4406	265	0	259	259	0
1536	3906	265	0	259	259	0
1537	1566	370	0	274	274	0
1537	344	265	0	259	259	0
1537	4497	265	0	259	259	0
1538	1904	265	0	259	259	0
1538	1303	265	0	259	259	0
1539	3903	265	0	259	259	0
1539	1388	265	0	259	259	0
1540	661	265	0	259	259	0
1541	2921	265	0	259	259	0
1541	1320	265	0	259	259	0
1542	1118	265	0	259	259	0
1542	855	370	0	274	274	0
1542	2914	265	0	259	259	0
1543	1308	265	0	259	259	0
1543	1145	265	0	259	259	0
1543	2121	370	0	274	274	0
1543	3826	370	0	274	274	0
1544	567	370	0	274	274	0
1544	780	265	0	259	259	0
1544	4082	370	0	274	274	0
1544	2018	265	0	259	259	0
1545	54	370	0	274	274	0
1545	102	265	0	259	259	0
1546	4887	265	0	259	259	0
1546	1806	370	0	274	274	0
1546	2277	265	0	259	259	0
1547	1208	370	0	274	274	0
1547	793	265	0	259	259	0
1547	2184	265	0	259	259	0
1548	2115	265	0	259	259	0
1548	2404	370	0	274	274	0
1548	4165	265	0	259	259	0
1549	272	370	0	274	274	0
1549	848	265	0	259	259	0
1550	1493	265	0	259	259	0
1550	3352	265	0	259	259	0
1551	4269	265	0	259	259	0
1552	162	265	0	259	259	0
1552	3455	265	0	259	259	0
1553	1900	265	0	259	259	0
1553	4660	370	0	274	274	0
1553	295	265	0	259	259	0
1553	4359	370	0	274	274	0
1554	423	265	0	259	259	0
1554	1166	370	0	274	274	0
1555	1492	265	0	259	259	0
1555	3879	265	0	259	259	0
1556	608	265	0	259	259	0
1557	3395	265	0	259	259	0
1557	1838	265	0	259	259	0
1558	2918	265	0	259	259	0
1558	1850	265	0	259	259	0
1559	1876	265	0	259	259	0
1559	1844	370	0	274	274	0
1559	3753	370	0	274	274	0
1560	1334	265	0	259	259	0
1560	2791	265	0	259	259	0
1561	1414	265	0	259	259	0
1561	4533	370	0	274	274	0
1562	4560	265	0	259	259	0
1562	4825	265	0	259	259	0
1563	1864	637	0	274	274	0
1563	3795	265	0	259	259	0
1563	4032	370	0	274	274	0
1563	604	265	0	259	259	0
1564	376	265	0	259	259	0
1564	1087	265	0	259	259	0
1565	3814	370	0	274	274	0
1565	2757	265	0	259	259	0
1565	1024	370	0	274	274	0
1566	1136	265	0	259	259	0
1566	3485	370	0	274	274	0
1567	2936	265	0	259	259	0
1567	3355	265	0	259	259	0
1568	2435	265	0	259	259	0
1568	4711	265	0	259	259	0
1569	3087	265	0	259	259	0
1569	541	370	0	274	274	0
1570	643	265	0	259	259	0
1570	648	265	0	259	259	0
1571	4755	265	0	259	259	0
1571	877	265	0	259	259	0
1572	307	265	0	259	259	0
1573	1381	265	0	259	259	0
1573	3701	370	0	274	274	0
1573	1501	265	0	259	259	0
1574	4481	370	0	274	274	0
1574	4134	265	0	259	259	0
1574	762	370	0	274	274	0
1574	993	265	0	259	259	0
1575	4206	265	0	259	259	0
1576	1915	370	0	274	274	0
1576	597	370	0	274	274	0
1576	3524	265	0	259	259	0
1576	2576	265	0	259	259	0
1577	466	265	0	259	259	0
1578	4268	265	0	259	259	0
1578	2578	370	0	274	274	0
1579	558	265	0	259	259	0
1579	4643	265	0	259	259	0
1579	3300	370	0	274	274	0
1580	2545	370	0	274	274	0
1580	3109	265	0	259	259	0
1580	4418	370	0	274	274	0
1581	4852	370	0	274	274	0
1581	3852	265	0	259	259	0
1581	769	265	0	259	259	0
1581	1554	370	0	274	274	0
1582	2359	265	0	259	259	0
1582	1222	370	0	274	274	0
1583	1776	370	0	274	274	0
1583	311	265	0	259	259	0
1583	2730	265	0	259	259	0
1583	983	370	0	274	274	0
1584	194	265	0	259	259	0
1584	4579	265	0	259	259	0
1584	2622	370	0	274	274	0
1584	831	370	0	274	274	0
1585	1952	265	0	259	259	0
1585	4154	370	0	274	274	0
1585	4002	370	0	274	274	0
1586	3195	265	0	259	259	0
1586	922	370	0	274	274	0
1586	4879	265	0	259	259	0
1587	1583	265	0	259	259	0
1587	1543	370	0	274	274	0
1587	4419	370	0	274	274	0
1588	2898	265	0	259	259	0
1589	2016	265	0	259	259	0
1589	3585	265	0	259	259	0
1590	4412	370	0	274	274	0
1590	1696	370	0	274	274	0
1590	3766	265	0	259	259	0
1590	1153	265	0	259	259	0
1591	2119	265	0	259	259	0
1591	4135	370	0	274	274	0
1592	4515	265	0	259	259	0
1592	1239	370	0	274	274	0
1593	2288	265	0	259	259	0
1593	3579	265	0	259	259	0
1594	1529	265	0	259	259	0
1594	2655	370	0	274	274	0
1594	3794	265	0	259	259	0
1595	4938	265	0	259	259	0
1595	1415	370	0	274	274	0
1595	503	370	0	274	274	0
1596	3952	265	0	259	259	0
1596	2686	265	0	259	259	0
1596	1079	370	0	274	274	0
1596	3101	370	0	274	274	0
1597	50	370	0	274	274	0
1597	714	265	0	259	259	0
1598	4248	265	0	259	259	0
1598	1993	265	0	259	259	0
1598	1534	370	0	274	274	0
1599	144	370	0	274	274	0
1599	3661	370	0	274	274	0
1599	4201	265	0	259	259	0
1600	3146	265	0	259	259	0
1600	3593	370	0	274	274	0
1600	4246	265	0	259	259	0
1601	436	265	0	259	259	0
1602	2667	370	0	274	274	0
1602	485	265	0	259	259	0
1602	1477	370	0	274	274	0
1602	981	265	0	259	259	0
1603	3349	265	0	259	259	0
1604	1394	265	0	259	259	0
1604	4634	265	0	259	259	0
1605	2873	265	0	259	259	0
1605	4767	370	0	274	274	0
1605	3808	370	0	274	274	0
1606	1926	265	0	259	259	0
1608	4258	265	0	259	259	0
1610	1869	265	0	259	259	0
1610	954	370	0	274	274	0
1612	1925	370	0	274	274	0
1612	2780	370	0	274	274	0
1612	1569	265	0	259	259	0
1614	2743	637	0	274	274	0
1614	698	265	0	259	259	0
1615	1360	370	0	274	274	0
1615	4679	370	0	274	274	0
1616	1898	370	0	274	274	0
1618	3224	370	0	274	274	0
1618	1882	370	0	274	274	0
1620	612	370	0	274	274	0
1621	2598	265	0	259	259	0
1622	588	370	0	274	274	0
1622	2650	370	0	274	274	0
1623	3399	370	0	274	274	0
1625	2140	370	0	274	274	0
1627	1347	370	0	274	274	0
1629	2388	370	0	274	274	0
1635	3707	370	0	274	274	0
1635	4845	370	0	274	274	0
1636	3427	637	0	274	274	0
1636	3616	370	0	274	274	0
1637	3526	370	0	274	274	0
1637	1363	370	0	274	274	0
1639	531	370	0	274	274	0
1639	2537	370	0	274	274	0
1639	4238	370	0	274	274	0
1641	4930	370	0	274	274	0
1642	3346	370	0	274	274	0
1643	2888	370	0	274	274	0
1647	4683	370	0	274	274	0
1648	3005	265	0	259	259	0
1651	4908	370	0	274	274	0
1659	3331	370	0	274	274	0
1659	3265	265	0	259	259	0
1660	2611	370	0	274	274	0
1660	4501	370	0	274	274	0
1661	1250	370	0	274	274	0
1662	2358	370	0	274	274	0
1665	2210	265	0	259	259	0
1665	2023	265	0	259	259	0
1667	4947	370	0	274	274	0
1668	2949	370	0	274	274	0
1669	1560	370	0	274	274	0
1669	4273	370	0	274	274	0
1671	3782	370	0	274	274	0
1672	1106	370	0	274	274	0
1674	906	370	0	274	274	0
1676	4409	370	0	274	274	0
1677	3168	370	0	274	274	0
1679	1253	370	0	274	274	0
1680	1111	370	0	274	274	0
1683	4139	370	0	274	274	0
1686	3162	370	0	274	274	0
1686	458	370	0	274	274	0
1687	4312	370	0	274	274	0
1691	562	370	0	274	274	0
1693	4604	370	0	274	274	0
1693	1207	370	0	274	274	0
1697	3507	370	0	274	274	0
1698	2318	370	0	274	274	0
1699	2911	370	0	274	274	0
1699	1772	370	0	274	274	0
1700	2952	370	0	274	274	0
1702	4420	370	0	274	274	0
1703	2599	370	0	274	274	0
1703	727	370	0	274	274	0
1704	1835	370	0	274	274	0
1704	1881	370	0	274	274	0
1705	2273	370	0	274	274	0
1706	62	370	0	274	274	0
1706	1012	265	0	259	259	0
1706	1101	370	0	274	274	0
1707	3386	370	0	274	274	0
1707	3186	370	0	274	274	0
1707	4486	265	0	259	259	0
1708	1229	370	0	274	274	0
1708	188	370	0	274	274	0
1708	549	265	0	259	259	0
1710	2920	370	0	274	274	0
1710	3167	370	0	274	274	0
1710	1568	265	0	259	259	0
1711	4345	370	0	274	274	0
1711	4187	370	0	274	274	0
1712	4381	370	0	274	274	0
1713	2894	370	0	274	274	0
1713	1114	370	0	274	274	0
1714	2490	370	0	274	274	0
1714	2396	370	0	274	274	0
1715	2980	370	0	274	274	0
1715	3729	370	0	274	274	0
1716	353	370	0	274	274	0
1717	3435	370	0	274	274	0
1718	1663	370	0	274	274	0
1718	2544	370	0	274	274	0
1719	2484	370	0	274	274	0
1719	4026	265	0	259	259	0
1719	752	370	0	274	274	0
1720	2372	370	0	274	274	0
1721	3535	265	0	259	259	0
1721	3420	370	0	274	274	0
1721	3212	265	0	259	259	0
1721	884	370	0	274	274	0
1722	3447	370	0	274	274	0
1722	602	370	0	274	274	0
1723	925	370	0	274	274	0
1724	2024	370	0	274	274	0
1724	2216	370	0	274	274	0
1725	3119	370	0	274	274	0
1725	2971	370	0	274	274	0
1726	1191	370	0	274	274	0
1726	3796	370	0	274	274	0
1728	1448	370	0	274	274	0
1730	4220	370	0	274	274	0
1730	2867	370	0	274	274	0
1731	2845	370	0	274	274	0
1731	4817	370	0	274	274	0
1732	1978	370	0	274	274	0
1733	3889	370	0	274	274	0
1733	4550	370	0	274	274	0
1734	2900	370	0	274	274	0
1734	4472	265	0	259	259	0
1734	4044	265	0	259	259	0
1735	322	370	0	274	274	0
1735	899	370	0	274	274	0
1736	3721	370	0	274	274	0
1736	4527	370	0	274	274	0
1737	2039	370	0	274	274	0
1737	857	370	0	274	274	0
1738	1022	265	0	259	259	0
1738	3042	370	0	274	274	0
1740	2651	370	0	274	274	0
1740	525	370	0	274	274	0
1741	4483	370	0	274	274	0
1741	4517	370	0	274	274	0
1742	2836	370	0	274	274	0
1742	505	370	0	274	274	0
1743	2643	370	0	274	274	0
1743	1139	370	0	274	274	0
1744	1094	265	0	259	259	0
1745	3261	370	0	274	274	0
1745	3993	370	0	274	274	0
1745	2067	265	0	259	259	0
1746	996	265	0	259	259	0
1746	3541	370	0	274	274	0
1746	4310	265	0	259	259	0
1747	2226	370	0	274	274	0
1748	127	370	0	274	274	0
1748	2717	370	0	274	274	0
1749	205	370	0	274	274	0
1749	3310	370	0	274	274	0
1750	415	370	0	274	274	0
1750	4803	370	0	274	274	0
1752	4100	370	0	274	274	0
1756	411	370	0	274	274	0
1757	147	370	0	274	274	0
1758	1189	370	0	274	274	0
1760	2581	265	0	259	259	0
1763	85	370	0	274	274	0
1763	386	265	0	259	259	0
1764	4698	370	0	274	274	0
1769	2120	370	0	274	274	0
1769	2779	370	0	274	274	0
1771	4777	370	0	274	274	0
1772	1467	370	0	274	274	0
1772	3453	265	0	259	259	0
1772	529	370	0	274	274	0
1773	605	370	0	274	274	0
1774	65	370	0	274	274	0
1774	373	370	0	274	274	0
1777	3163	265	0	259	259	0
1779	419	370	0	274	274	0
1780	3463	370	0	274	274	0
1783	283	265	0	259	259	0
1786	4756	265	0	259	259	0
1789	385	370	0	274	274	0
1789	1348	370	0	274	274	0
1793	4635	265	0	259	259	0
1793	662	370	0	274	274	0
1796	596	370	0	274	274	0
1797	3444	265	0	259	259	0
1798	4559	265	0	259	259	0
1798	1183	265	0	259	259	0
1799	89	370	0	274	274	0
1800	1745	265	0	259	259	0
1802	4076	370	0	274	274	0
1803	4098	265	0	259	259	0
1803	219	370	0	274	274	0
1804	2565	370	0	274	274	0
1805	4511	265	0	259	259	0
1805	4835	265	0	259	259	0
1811	484	265	0	259	259	0
1812	3562	265	0	259	259	0
1812	1897	370	0	274	274	0
1814	985	370	0	274	274	0
1818	244	265	0	259	259	0
1821	3197	370	0	274	274	0
1824	3559	265	0	259	259	0
1826	4802	265	0	259	259	0
1827	2852	265	0	259	259	0
1829	1885	265	0	259	259	0
1831	2010	370	0	274	274	0
1832	4145	265	0	259	259	0
1832	825	370	0	274	274	0
1833	4621	265	0	259	259	0
1835	2188	370	0	274	274	0
1837	35	265	0	259	259	0
1839	2348	265	0	259	259	0
1841	2509	265	0	259	259	0
1842	1375	370	0	274	274	0
1844	3393	265	0	259	259	0
1849	3290	265	0	259	259	0
1850	2691	370	0	274	274	0
1851	2944	370	0	274	274	0
1853	22	265	0	259	259	0
1853	1125	370	0	274	274	0
1853	4375	370	0	274	274	0
1854	76	265	0	259	259	0
1856	1003	265	0	259	259	0
1858	2727	265	0	259	259	0
1860	2027	265	0	259	259	0
1865	3603	265	0	259	259	0
1868	4715	370	0	274	274	0
1877	4061	265	0	259	259	0
1879	2908	265	0	259	259	0
1879	692	370	0	274	274	0
1884	2444	637	0	274	274	0
1893	1457	370	0	274	274	0
1912	29	370	0	274	274	0
1914	4029	370	0	274	274	0
1947	3847	370	0	274	274	0
1956	1662	370	0	274	274	0
1980	1504	265	0	259	259	0
1981	404	370	0	274	274	0
1989	4863	370	0	274	274	0
2001	1355	370	0	274	274	0
2002	1217	370	0	274	274	0
2009	647	370	0	274	274	0
2027	2306	370	0	274	274	0
2034	1	370	0	274	274	0
2050	617	370	0	274	274	0
2063	169	370	0	274	274	0
2085	381	265	0	259	259	0
2101	4242	246	0	296	296	0
2101	252	246	0	296	296	0
2101	896	246	0	296	296	0
2101	1939	246	0	296	296	0
2101	783	246	0	296	296	0
2101	1580	246	0	296	296	0
2101	483	246	0	296	296	0
2103	1940	246	0	296	296	0
2103	4889	246	0	296	296	0
2103	460	246	0	296	296	0
2104	2689	246	0	296	296	0
2104	2099	246	0	296	296	0
2105	2745	246	0	296	296	0
2105	2877	246	0	296	296	0
2106	1438	246	0	296	296	0
2106	2155	246	0	296	296	0
2107	2338	246	0	296	296	0
2107	4912	246	0	296	296	0
2108	4822	246	0	296	296	0
2108	3280	246	0	296	296	0
2109	3887	246	0	296	296	0
2109	948	246	0	296	296	0
2110	995	246	0	296	296	0
2110	1735	246	0	296	296	0
2111	1257	246	0	296	296	0
2111	1523	246	0	296	296	0
2112	908	246	0	296	296	0
2112	3302	246	0	296	296	0
2113	4962	246	0	296	296	0
2113	3006	246	0	296	296	0
2114	4757	246	0	296	296	0
2114	113	265	0	259	259	0
2114	968	246	0	296	296	0
2115	2439	246	0	296	296	0
2115	3448	246	0	296	296	0
2116	269	246	0	296	296	0
2116	840	246	0	296	296	0
2117	1237	246	0	296	296	0
2117	1370	246	0	296	296	0
2118	2319	246	0	296	296	0
2118	563	246	0	296	296	0
2119	3045	246	0	296	296	0
2120	4685	246	0	296	296	0
2120	265	246	0	296	296	0
2121	3462	246	0	296	296	0
2121	1440	246	0	296	296	0
2122	1867	246	0	296	296	0
2122	4910	246	0	296	296	0
2123	1337	246	0	296	296	0
2124	2430	246	0	296	296	0
2124	3888	246	0	296	296	0
2125	4826	246	0	296	296	0
2125	270	246	0	296	296	0
2126	3872	246	0	296	296	0
2127	32	246	0	296	296	0
2127	2100	246	0	296	296	0
2128	214	246	0	296	296	0
2128	330	246	0	296	296	0
2129	4369	246	0	296	296	0
2130	1725	246	0	296	296	0
2130	1800	246	0	296	296	0
2131	642	246	0	296	296	0
2131	881	246	0	296	296	0
2132	3170	246	0	296	296	0
2133	3575	246	0	296	296	0
2133	2103	246	0	296	296	0
2134	240	246	0	296	296	0
2135	3532	246	0	296	296	0
2135	511	246	0	296	296	0
2136	3953	246	0	296	296	0
2137	374	246	0	296	296	0
2155	4021	246	0	296	296	0
2158	3743	246	0	296	296	0
2159	3752	246	0	296	296	0
2162	2072	246	0	296	296	0
2166	2006	246	0	296	296	0
2168	465	246	0	296	296	0
2173	3789	246	0	296	296	0
2176	4970	246	0	296	296	0
2185	4935	246	0	296	296	0
2186	303	246	0	296	296	0
2187	33	246	0	296	296	0
2193	2208	246	0	296	296	0
2197	3840	246	0	296	296	0
2203	767	246	0	296	296	0
2216	2609	246	0	296	296	0
2223	3568	246	0	296	296	0
2231	1454	246	0	296	296	0
2238	232	246	0	296	296	0
2248	3671	246	0	296	296	0
2284	3199	246	0	296	296	0
2286	2128	246	0	296	296	0
2304	2269	370	0	274	274	0
2335	39	370	0	274	274	0
2364	4293	246	0	296	296	0
2383	1849	246	0	296	296	0
2386	2104	246	0	296	296	0
2401	3365	274	0	296	296	0
2401	4501	274	0	296	296	0
2401	925	274	0	296	296	0
2401	1191	274	0	296	296	0
2401	3388	274	0	296	296	0
2401	1736	274	0	296	296	0
2401	400	274	0	296	296	0
2402	1448	274	0	296	296	0
2402	3119	274	0	296	296	0
2403	2971	274	0	296	296	0
2403	4947	274	0	296	296	0
2404	2900	274	0	296	296	0
2404	3331	274	0	296	296	0
2405	422	274	0	296	296	0
2405	2685	274	0	296	296	0
2406	3707	274	0	296	296	0
2406	1106	274	0	296	296	0
2407	2888	274	0	296	296	0
2407	3169	274	0	296	296	0
2408	906	274	0	296	296	0
2408	1978	274	0	296	296	0
2409	3889	274	0	296	296	0
2409	2867	274	0	296	296	0
2410	656	274	0	296	296	0
2410	531	274	0	296	296	0
2411	2611	274	0	296	296	0
2411	3512	274	0	296	296	0
2412	3721	274	0	296	296	0
2412	2934	274	0	296	296	0
2413	51	274	0	296	296	0
2413	2820	274	0	296	296	0
2414	140	274	0	296	296	0
2414	2039	274	0	296	296	0
2415	2836	274	0	296	296	0
2415	322	274	0	296	296	0
2416	1139	274	0	296	296	0
2416	4939	274	0	296	296	0
2417	2600	274	0	296	296	0
2417	2643	274	0	296	296	0
2418	2949	274	0	296	296	0
2418	2651	274	0	296	296	0
2419	4139	274	0	296	296	0
2419	3162	274	0	296	296	0
2420	3042	274	0	296	296	0
2420	3168	274	0	296	296	0
2421	525	274	0	296	296	0
2422	4273	274	0	296	296	0
2422	3088	274	0	296	296	0
2423	3261	274	0	296	296	0
2423	2158	274	0	296	296	0
2424	2110	274	0	296	296	0
2424	519	274	0	296	296	0
2425	2358	274	0	296	296	0
2425	415	274	0	296	296	0
2426	2226	274	0	296	296	0
2427	3285	274	0	296	296	0
2427	458	274	0	296	296	0
2428	505	274	0	296	296	0
2428	3993	274	0	296	296	0
2429	3782	274	0	296	296	0
2429	3675	274	0	296	296	0
2430	2599	274	0	296	296	0
2430	562	274	0	296	296	0
2431	936	274	0	296	296	0
2431	4710	274	0	296	296	0
2432	3310	274	0	296	296	0
2432	304	274	0	296	296	0
2433	1560	274	0	296	296	0
2434	4538	274	0	296	296	0
2434	205	274	0	296	296	0
2435	2911	274	0	296	296	0
2435	2502	274	0	296	296	0
2436	4803	274	0	296	296	0
2436	2318	274	0	296	296	0
2437	1189	274	0	296	296	0
2438	605	274	0	296	296	0
2438	4409	274	0	296	296	0
2439	1111	274	0	296	296	0
2439	4232	274	0	296	296	0
2440	3459	274	0	296	296	0
2441	3857	274	0	296	296	0
2441	3124	274	0	296	296	0
2442	4698	274	0	296	296	0
2442	940	274	0	296	296	0
2443	4777	274	0	296	296	0
2444	4569	274	0	296	296	0
2444	3507	274	0	296	296	0
2445	2952	274	0	296	296	0
2445	2273	274	0	296	296	0
2446	1207	274	0	296	296	0
2447	65	274	0	296	296	0
2447	1114	274	0	296	296	0
2448	1101	274	0	296	296	0
2448	4420	274	0	296	296	0
2449	613	274	0	296	296	0
2450	2794	274	0	296	296	0
2450	1333	274	0	296	296	0
2451	4541	274	0	296	296	0
2451	4866	274	0	296	296	0
2452	3729	274	0	296	296	0
2453	2894	274	0	296	296	0
2453	2394	274	0	296	296	0
2454	2774	274	0	296	296	0
2454	1327	274	0	296	296	0
2455	727	274	0	296	296	0
2456	917	274	0	296	296	0
2456	4604	274	0	296	296	0
2457	1889	274	0	296	296	0
2458	62	274	0	296	296	0
2458	4718	274	0	296	296	0
2459	1013	274	0	296	296	0
2459	1835	274	0	296	296	0
2460	1585	274	0	296	296	0
2461	3962	274	0	296	296	0
2461	884	274	0	296	296	0
2462	3167	274	0	296	296	0
2462	1753	274	0	296	296	0
2463	1663	274	0	296	296	0
2464	3410	274	0	296	296	0
2464	3186	274	0	296	296	0
2465	4076	274	0	296	296	0
2466	2024	274	0	296	296	0
2466	2565	274	0	296	296	0
2467	2943	274	0	296	296	0
2467	4449	274	0	296	296	0
2468	4377	274	0	296	296	0
2469	4817	274	0	296	296	0
2469	899	274	0	296	296	0
2470	857	274	0	296	296	0
2470	219	274	0	296	296	0
2471	4527	274	0	296	296	0
2472	71	274	0	296	296	0
2472	1276	274	0	296	296	0
2473	4172	274	0	296	296	0
2474	2845	274	0	296	296	0
2474	4483	274	0	296	296	0
2475	3450	274	0	296	296	0
2475	3541	274	0	296	296	0
2476	4354	274	0	296	296	0
2477	126	274	0	296	296	0
2477	2717	274	0	296	296	0
2478	4517	274	0	296	296	0
2479	4100	274	0	296	296	0
2479	3197	274	0	296	296	0
2480	67	274	0	296	296	0
2480	127	274	0	296	296	0
2481	157	274	0	296	296	0
2482	2307	274	0	296	296	0
2483	4220	274	0	296	296	0
2483	147	274	0	296	296	0
2484	1653	274	0	296	296	0
2484	411	274	0	296	296	0
2485	4827	274	0	296	296	0
2485	4550	274	0	296	296	0
2486	1601	274	0	296	296	0
2487	574	274	0	296	296	0
2487	243	274	0	296	296	0
2488	614	274	0	296	296	0
2488	2779	274	0	296	296	0
2489	1098	274	0	296	296	0
2490	492	274	0	296	296	0
2490	221	274	0	296	296	0
2491	4023	274	0	296	296	0
2492	85	274	0	296	296	0
2493	3259	274	0	296	296	0
2493	1559	274	0	296	296	0
2494	1467	274	0	296	296	0
2494	2514	274	0	296	296	0
2495	373	274	0	296	296	0
2496	2120	274	0	296	296	0
2496	1198	274	0	296	296	0
2497	4881	274	0	296	296	0
2497	3463	274	0	296	296	0
2498	419	274	0	296	296	0
2499	4360	274	0	296	296	0
2499	2061	274	0	296	296	0
2500	811	274	0	296	296	0
2501	529	274	0	296	296	0
2502	3998	274	0	296	296	0
2502	1348	274	0	296	296	0
2503	1861	274	0	296	296	0
2503	385	274	0	296	296	0
2504	1043	274	0	296	296	0
2504	596	274	0	296	296	0
2505	3519	274	0	296	296	0
2506	2320	274	0	296	296	0
2507	2212	274	0	296	296	0
2507	89	274	0	296	296	0
2508	215	274	0	296	296	0
2508	231	274	0	296	296	0
2510	1897	274	0	296	296	0
2510	662	274	0	296	296	0
2511	986	274	0	296	296	0
2511	901	274	0	296	296	0
2512	1731	274	0	296	296	0
2512	985	274	0	296	296	0
2513	2741	274	0	296	296	0
2514	4029	274	0	296	296	0
2514	3768	274	0	296	296	0
2515	825	274	0	296	296	0
2516	4583	274	0	296	296	0
2516	2250	274	0	296	296	0
2517	2010	274	0	296	296	0
2518	1962	274	0	296	296	0
2519	2188	274	0	296	296	0
2519	1375	274	0	296	296	0
2520	1053	274	0	296	296	0
2521	2691	274	0	296	296	0
2521	3326	274	0	296	296	0
2522	2944	274	0	296	296	0
2522	4868	274	0	296	296	0
2523	4403	274	0	296	296	0
2524	3274	274	0	296	296	0
2524	4729	274	0	296	296	0
2528	1675	274	0	296	296	0
2533	2031	274	0	296	296	0
2534	4375	274	0	296	296	0
2536	1125	274	0	296	296	0
2543	1047	274	0	296	296	0
2552	4715	274	0	296	296	0
2553	404	274	0	296	296	0
2555	2636	274	0	296	296	0
2571	4429	246	0	296	296	0
2576	3315	274	0	296	296	0
2580	2954	274	0	296	296	0
2582	1457	274	0	296	296	0
2583	3299	246	0	296	296	0
2585	2510	274	0	296	296	0
2588	692	274	0	296	296	0
2600	2442	274	0	296	296	0
2602	2923	274	0	296	296	0
2608	680	274	0	296	296	0
2611	29	274	0	296	296	0
2614	3214	274	0	296	296	0
2622	2351	274	0	296	296	0
2629	3854	274	0	296	296	0
2631	1078	274	0	296	296	0
2642	4565	274	0	296	296	0
2650	4214	274	0	296	296	0
2660	1610	274	0	296	296	0
2663	2804	274	0	296	296	0
2663	4820	370	0	296	296	0
2679	3847	274	0	296	296	0
2685	1662	274	0	296	296	0
2686	3838	274	0	296	296	0
2692	4836	370	0	296	296	0
2696	3079	274	0	296	296	0
2700	4764	274	0	296	296	0
2701	2836	296	0	259	259	0
2701	1735	296	0	259	259	0
2701	1217	274	0	259	259	0
2701	1139	296	0	259	259	0
2701	948	296	0	259	259	0
2701	2439	296	0	259	259	0
2701	4939	296	0	259	259	0
2701	2600	296	0	259	259	0
2701	3280	296	0	259	259	0
2701	995	296	0	259	259	0
2701	896	296	0	259	259	0
2701	531	296	0	259	259	0
2701	2099	296	0	259	259	0
2701	322	296	0	259	259	0
2701	2643	296	0	259	259	0
2703	2949	296	0	259	259	0
2703	4962	296	0	259	259	0
2703	3006	296	0	259	259	0
2703	3887	296	0	259	259	0
2703	2651	296	0	259	259	0
2703	4139	296	0	259	259	0
2704	3162	296	0	259	259	0
2704	1257	296	0	259	259	0
2704	908	296	0	259	259	0
2704	3042	296	0	259	259	0
2705	525	296	0	259	259	0
2705	269	296	0	259	259	0
2705	3168	296	0	259	259	0
2705	840	296	0	259	259	0
2706	4757	296	0	259	259	0
2706	4273	296	0	259	259	0
2707	3448	296	0	259	259	0
2707	3088	296	0	259	259	0
2708	1237	296	0	259	259	0
2708	3261	296	0	259	259	0
2708	2158	296	0	259	259	0
2708	2319	296	0	259	259	0
2709	1440	296	0	259	259	0
2709	3045	296	0	259	259	0
2709	2110	296	0	259	259	0
2709	519	296	0	259	259	0
2710	415	296	0	259	259	0
2710	563	296	0	259	259	0
2711	3462	296	0	259	259	0
2711	2336	274	0	259	259	0
2712	968	296	0	259	259	0
2712	2358	296	0	259	259	0
2714	2226	296	0	259	259	0
2714	1370	296	0	259	259	0
2714	3285	296	0	259	259	0
2715	1337	296	0	259	259	0
2715	265	296	0	259	259	0
2715	458	296	0	259	259	0
2716	1867	296	0	259	259	0
2716	505	296	0	259	259	0
2717	4685	296	0	259	259	0
2717	3993	296	0	259	259	0
2718	3782	296	0	259	259	0
2719	3872	296	0	259	259	0
2720	3675	296	0	259	259	0
2720	3888	296	0	259	259	0
2721	4910	296	0	259	259	0
2721	2599	296	0	259	259	0
2722	270	296	0	259	259	0
2723	936	296	0	259	259	0
2723	562	296	0	259	259	0
2723	2430	296	0	259	259	0
2724	2100	296	0	259	259	0
2724	4710	296	0	259	259	0
2726	4826	296	0	259	259	0
2726	3310	296	0	259	259	0
2727	4369	296	0	259	259	0
2727	304	296	0	259	259	0
2728	32	296	0	259	259	0
2728	4538	296	0	259	259	0
2728	642	296	0	259	259	0
2728	1560	296	0	259	259	0
2729	205	296	0	259	259	0
2730	2911	296	0	259	259	0
2730	240	296	0	259	259	0
2731	1725	296	0	259	259	0
2732	1765	246	0	410	410	0
2732	2318	296	0	259	259	0
2733	4803	296	0	259	259	0
2733	330	296	0	259	259	0
2734	1189	296	0	259	259	0
2734	881	296	0	259	259	0
2735	605	296	0	259	259	0
2735	4863	274	0	259	259	0
2735	1800	296	0	259	259	0
2736	3170	296	0	259	259	0
2737	214	296	0	259	259	0
2737	4250	274	0	259	259	0
2737	2502	296	0	259	259	0
2738	2103	296	0	259	259	0
2738	4409	296	0	259	259	0
2739	1111	296	0	259	259	0
2740	3575	296	0	259	259	0
2740	4232	296	0	259	259	0
2741	3459	296	0	259	259	0
2742	3857	296	0	259	259	0
2742	511	296	0	259	259	0
2743	3124	296	0	259	259	0
2744	4698	296	0	259	259	0
2744	3953	296	0	259	259	0
2745	940	296	0	259	259	0
2746	4777	296	0	259	259	0
2746	3532	296	0	259	259	0
2747	4569	296	0	259	259	0
2748	3507	296	0	259	259	0
2748	761	274	0	259	259	0
2748	2218	274	0	259	259	0
2748	374	296	0	259	259	0
2749	2952	296	0	259	259	0
2749	2006	296	0	259	259	0
2750	2273	296	0	259	259	0
2750	4021	296	0	259	259	0
2751	3752	296	0	259	259	0
2751	1355	274	0	259	259	0
2751	1207	296	0	259	259	0
2752	3743	296	0	259	259	0
2753	65	296	0	259	259	0
2754	2072	296	0	259	259	0
2754	1114	296	0	259	259	0
2755	1101	296	0	259	259	0
2755	33	296	0	259	259	0
2756	4420	296	0	259	259	0
2756	3428	274	0	259	259	0
2757	613	296	0	259	259	0
2757	3789	296	0	259	259	0
2758	2794	296	0	259	259	0
2759	1333	296	0	259	259	0
2759	4935	296	0	259	259	0
2759	617	274	0	259	259	0
2760	4541	296	0	259	259	0
2760	4866	296	0	259	259	0
2761	3729	296	0	259	259	0
2761	4970	296	0	259	259	0
2762	2894	296	0	259	259	0
2762	465	296	0	259	259	0
2763	2394	296	0	259	259	0
2764	2774	296	0	259	259	0
2764	2208	296	0	259	259	0
2765	303	296	0	259	259	0
2766	1327	296	0	259	259	0
2766	3840	296	0	259	259	0
2767	727	296	0	259	259	0
2767	767	296	0	259	259	0
2768	2609	296	0	259	259	0
2769	2337	274	0	259	259	0
2769	917	296	0	259	259	0
2769	3568	296	0	259	259	0
2770	4604	296	0	259	259	0
2770	1454	296	0	259	259	0
2771	232	296	0	259	259	0
2772	1889	296	0	259	259	0
2772	1613	274	0	259	259	0
2773	62	296	0	259	259	0
2773	3671	296	0	259	259	0
2774	4718	296	0	259	259	0
2774	3199	296	0	259	259	0
2775	2128	296	0	259	259	0
2775	1013	296	0	259	259	0
2777	1835	296	0	259	259	0
2778	1278	274	0	259	259	0
2778	1585	296	0	259	259	0
2779	3962	296	0	259	259	0
2780	735	274	0	259	259	0
2781	884	296	0	259	259	0
2782	3167	296	0	259	259	0
2783	1753	296	0	259	259	0
2783	1663	296	0	259	259	0
2784	3410	296	0	259	259	0
2785	3186	296	0	259	259	0
2785	4076	296	0	259	259	0
2786	2024	296	0	259	259	0
2786	2565	296	0	259	259	0
2787	2943	296	0	259	259	0
2788	4377	296	0	259	259	0
2788	4449	296	0	259	259	0
2789	4817	296	0	259	259	0
2790	857	296	0	259	259	0
2790	899	296	0	259	259	0
2791	4527	296	0	259	259	0
2791	219	296	0	259	259	0
2792	71	296	0	259	259	0
2792	1276	296	0	259	259	0
2793	2306	274	0	259	259	0
2793	4172	296	0	259	259	0
2794	2845	296	0	259	259	0
2794	4483	296	0	259	259	0
2795	3450	296	0	259	259	0
2796	4354	296	0	259	259	0
2796	459	274	0	259	259	0
2796	3541	296	0	259	259	0
2797	126	296	0	259	259	0
2797	2717	296	0	259	259	0
2798	4517	296	0	259	259	0
2799	4100	296	0	259	259	0
2799	3197	296	0	259	259	0
2801	1	274	0	259	259	0
2801	67	296	0	259	259	0
2801	127	296	0	259	259	0
2802	157	296	0	259	259	0
2802	2307	296	0	259	259	0
2803	4220	296	0	259	259	0
2803	147	296	0	259	259	0
2804	647	274	0	259	259	0
2804	1653	296	0	259	259	0
2805	4827	296	0	259	259	0
2805	411	296	0	259	259	0
2806	4550	296	0	259	259	0
2806	1601	296	0	259	259	0
2807	574	296	0	259	259	0
2807	243	296	0	259	259	0
2808	614	296	0	259	259	0
2809	2779	296	0	259	259	0
2809	1098	296	0	259	259	0
2810	492	296	0	259	259	0
2811	4023	296	0	259	259	0
2811	221	296	0	259	259	0
2812	85	296	0	259	259	0
2813	3259	296	0	259	259	0
2814	1467	296	0	259	259	0
2814	1559	296	0	259	259	0
2815	2514	296	0	259	259	0
2816	2120	296	0	259	259	0
2816	373	296	0	259	259	0
2817	1198	296	0	259	259	0
2818	4881	296	0	259	259	0
2818	3463	296	0	259	259	0
2819	419	296	0	259	259	0
2819	4360	296	0	259	259	0
2820	811	296	0	259	259	0
2820	2061	296	0	259	259	0
2821	529	296	0	259	259	0
2822	3998	296	0	259	259	0
2823	1348	296	0	259	259	0
2824	1861	296	0	259	259	0
2824	385	296	0	259	259	0
2825	1043	296	0	259	259	0
2826	596	296	0	259	259	0
2826	3519	296	0	259	259	0
2827	2320	296	0	259	259	0
2827	2212	296	0	259	259	0
2828	89	296	0	259	259	0
2829	215	296	0	259	259	0
2829	231	296	0	259	259	0
2830	55	274	0	259	259	0
2830	1897	296	0	259	259	0
2830	4293	296	0	259	259	0
2831	986	296	0	259	259	0
2831	662	296	0	259	259	0
2832	901	296	0	259	259	0
2833	1731	296	0	259	259	0
2833	985	296	0	259	259	0
2834	2741	296	0	259	259	0
2834	4029	296	0	259	259	0
2835	3768	296	0	259	259	0
2836	825	296	0	259	259	0
2837	4583	296	0	259	259	0
2837	2250	296	0	259	259	0
2838	2010	296	0	259	259	0
2838	1962	296	0	259	259	0
2839	2188	296	0	259	259	0
2839	1299	274	0	259	259	0
2840	1375	296	0	259	259	0
2841	2691	296	0	259	259	0
2841	1053	296	0	259	259	0
2842	3326	296	0	259	259	0
2843	2944	296	0	259	259	0
2843	4868	296	0	259	259	0
2844	4403	296	0	259	259	0
2845	3274	296	0	259	259	0
2845	4729	296	0	259	259	0
2846	1675	296	0	259	259	0
2847	4375	296	0	259	259	0
2847	2031	296	0	259	259	0
2848	1849	296	0	259	259	0
2848	1125	296	0	259	259	0
2849	1047	296	0	259	259	0
2849	169	274	0	259	259	0
2849	404	296	0	259	259	0
2850	2588	370	0	259	259	0
2850	4715	296	0	259	259	0
2851	2636	296	0	259	259	0
2852	3315	296	0	259	259	0
2853	1457	296	0	259	259	0
2853	2954	296	0	259	259	0
2854	2510	296	0	259	259	0
2855	2442	296	0	259	259	0
2855	692	296	0	259	259	0
2856	2923	296	0	259	259	0
2856	680	296	0	259	259	0
2857	29	296	0	259	259	0
2858	3214	296	0	259	259	0
2858	2351	296	0	259	259	0
2859	3854	296	0	259	259	0
2860	1078	296	0	259	259	0
2861	4565	296	0	259	259	0
2861	4214	296	0	259	259	0
2862	1610	296	0	259	259	0
2863	3847	296	0	259	259	0
2863	2804	296	0	259	259	0
2864	1662	296	0	259	259	0
2865	3838	296	0	259	259	0
2865	3079	296	0	259	259	0
2866	4764	296	0	259	259	0
2869	2104	296	0	259	259	0
2890	3674	274	0	259	259	0
2896	4171	246	0	410	410	0
2902	4856	274	0	259	259	0
2909	347	274	0	259	259	0
2953	2983	274	0	259	259	0
3037	2133	274	0	259	259	0
3067	3299	296	0	259	259	0
3078	3564	274	0	259	259	0
3094	1864	274	0	259	259	0
3094	4716	274	0	259	259	0
3107	4429	296	0	259	259	0
3146	691	274	0	259	259	0
3159	2245	274	0	259	259	0
3168	1669	246	0	410	410	0
3186	39	274	0	259	259	0
3192	2269	274	0	259	259	0
3209	2384	274	0	259	259	0
3231	4667	274	0	259	259	0
3371	888	274	0	259	259	0
3467	4820	296	0	259	259	0
3470	4836	296	0	259	259	0
3574	2743	274	0	259	259	0
3601	3838	259	0	95	95	0
3601	1897	259	0	95	95	0
3601	1457	259	0	95	95	0
3601	2351	259	0	95	95	0
3601	1675	259	0	95	95	0
3601	662	259	0	95	95	0
3601	825	259	0	95	95	0
3601	3854	259	0	95	95	0
3601	4214	259	0	95	95	0
3601	647	259	0	95	95	0
3601	4583	259	0	95	95	0
3603	2923	259	0	95	95	0
3603	2636	259	0	95	95	0
3603	4565	259	0	95	95	0
3604	347	259	0	95	95	0
3605	1053	259	0	95	95	0
3605	985	259	0	95	95	0
3606	2010	259	0	95	95	0
3606	1047	259	0	95	95	0
3607	680	259	0	95	95	0
3607	2691	259	0	95	95	0
3608	1610	259	0	95	95	0
3608	1375	259	0	95	95	0
3609	2944	259	0	95	95	0
3609	2188	259	0	95	95	0
3610	4764	259	0	95	95	0
3611	4375	259	0	95	95	0
3611	4856	259	0	95	95	0
3612	2954	259	0	95	95	0
3613	169	259	0	95	95	0
3613	1125	259	0	95	95	0
3614	4715	259	0	95	95	0
3614	1078	259	0	95	95	0
3615	2510	259	0	95	95	0
3615	2442	259	0	95	95	0
3616	4293	259	0	95	95	0
3617	692	259	0	95	95	0
3617	29	259	0	95	95	0
3618	3079	259	0	95	95	0
3618	2804	259	0	95	95	0
3619	1849	259	0	95	95	0
3620	1662	259	0	95	95	0
3620	3847	259	0	95	95	0
3621	2983	259	0	95	95	0
3622	3564	259	0	95	95	0
3622	2104	259	0	95	95	0
3623	1864	259	0	95	95	0
3624	2133	259	0	95	95	0
3696	3299	259	0	95	95	0
3702	4716	259	0	95	95	0
3720	691	259	0	95	95	0
3724	3427	274	0	82	82	0
3767	2588	259	0	95	95	0
3769	2245	259	0	95	95	0
3804	4429	259	0	95	95	0
3813	39	259	0	95	95	0
3817	4667	259	0	95	95	0
3919	2269	259	0	95	95	0
4032	888	259	0	95	95	0
4050	2384	259	0	95	95	0
4122	4836	259	0	95	95	0
4140	4820	259	0	95	95	0
4302	2743	259	0	95	95	0
4316	2444	274	0	82	82	0
