1 signage 637 4 259 259 1.0 0
1 signage 660 6 410 410 1.0 0
1 signage 660 17 246 246 1.0 0
1 signage 637 19 259 259 1.0 0
1 signage 637 22 274 274 1.0 0
1 signage 660 23 410 410 1.0 0
1 signage 605 24 259 259 1.0 0
1 signage 886 30 259 259 1.0 0
1 signage 660 31 246 246 1.0 0
1 signage 834 34 274 274 1.0 0
1 signage 637 35 274 274 1.0 0
1 signage 660 36 410 410 1.0 0
1 signage 488 44 296 296 1.0 0
1 signage 886 48 274 274 1.0 0
1 signage 660 53 246 246 1.0 0
1 signage 637 54 274 274 1.0 0
1 signage 637 63 259 259 1.0 0
1 signage 834 65 274 274 1.0 0
1 signage 637 68 259 259 1.0 0
1 signage 136 70 265 265 1.0 0
1 signage 660 73 410 410 1.0 0
1 signage 605 74 370 370 1.0 0
1 signage 370 78 259 259 1.0 0
1 signage 488 80 296 296 1.0 0
1 signage 637 81 274 274 1.0 0
1 signage 660 87 410 410 1.0 0
1 signage 488 88 296 296 1.0 0
1 signage 637 92 259 259 1.0 0
1 signage 605 95 370 370 1.0 0
1 signage 886 98 274 274 1.0 0
1 signage 605 102 370 370 1.0 0
1 signage 488 106 296 296 1.0 0
1 signage 886 107 259 259 1.0 0
1 signage 488 114 296 296 1.0 0
1 signage 136 128 265 265 1.0 0
1 signage 834 131 259 259 1.0 0
1 signage 834 144 259 259 1.0 0
1 signage 605 145 259 259 1.0 0
1 signage 834 149 274 274 1.0 0
1 signage 488 150 296 296 1.0 0
1 signage 886 152 259 259 1.0 0
1 signage 370 154 259 259 1.0 0
1 signage 637 158 259 259 1.0 0
1 signage 488 161 296 296 1.0 0
1 signage 834 166 274 274 1.0 0
1 signage 605 168 370 370 1.0 0
1 signage 605 170 265 265 1.0 0
1 signage 637 173 259 259 1.0 0
1 signage 605 177 259 259 1.0 0
1 signage 605 178 259 259 1.0 0
1 signage 637 181 274 274 1.0 0
1 signage 488 182 296 296 1.0 0
1 signage 660 183 410 410 1.0 0
1 signage 488 184 296 296 1.0 0
1 signage 660 185 410 410 1.0 0
1 signage 834 188 259 259 1.0 0
1 signage 834 189 274 274 1.0 0
1 signage 660 190 246 246 1.0 0
1 signage 886 191 274 274 1.0 0
1 signage 488 196 296 296 1.0 0
1 signage 488 198 296 296 1.0 0
1 signage 637 201 259 259 1.0 0
1 signage 834 202 274 274 1.0 0
1 signage 834 205 274 274 1.0 0
1 signage 488 207 296 296 1.0 0
1 signage 488 208 296 296 1.0 0
1 signage 637 210 274 274 1.0 0
1 signage 834 211 259 259 1.0 0
1 signage 834 219 274 274 1.0 0
1 signage 637 223 259 259 1.0 0
1 signage 274 224 296 296 1.0 0
1 signage 136 230 265 265 1.0 0
1 signage 660 235 410 410 1.0 0
1 signage 605 237 265 265 1.0 0
1 signage 637 244 274 274 1.0 0
1 signage 637 247 274 274 1.0 0
1 signage 886 248 296 296 1.0 0
1 signage 660 249 246 246 1.0 0
1 signage 370 251 259 259 1.0 0
1 signage 660 255 246 246 1.0 0
1 signage 605 259 259 259 1.0 0
1 signage 488 263 296 296 1.0 0
1 signage 370 264 259 259 1.0 0
1 signage 834 266 259 259 1.0 0
1 signage 204 271 95 95 1.0 0
1 signage 637 280 296 296 1.0 0
1 signage 637 283 259 259 1.0 0
1 signage 136 284 265 265 1.0 0
1 signage 605 286 259 259 1.0 0
1 signage 660 288 246 246 1.0 0
1 signage 660 289 410 410 1.0 0
1 signage 834 290 274 274 1.0 0
1 signage 660 292 410 410 1.0 0
1 signage 834 293 259 259 1.0 0
1 signage 660 296 246 246 1.0 0
1 signage 605 297 265 265 1.0 0
1 signage 660 299 410 410 1.0 0
1 signage 488 300 296 296 1.0 0
1 signage 136 302 265 265 1.0 0
1 signage 488 308 296 296 1.0 0
1 signage 660 316 246 246 1.0 0
1 signage 886 319 259 259 1.0 0
1 signage 660 321 246 246 1.0 0
1 signage 834 322 274 274 1.0 0
1 signage 886 325 274 274 1.0 0
1 signage 488 326 296 296 1.0 0
1 signage 605 333 370 370 1.0 0
1 signage 488 338 296 296 1.0 0
1 signage 136 342 265 265 1.0 0
1 signage 605 344 370 370 1.0 0
1 signage 488 348 296 296 1.0 0
1 signage 605 350 370 370 1.0 0
1 signage 834 353 259 259 1.0 0
1 signage 637 360 274 274 1.0 0
1 signage 605 361 259 259 1.0 0
1 signage 660 362 246 246 1.0 0
1 signage 605 367 265 265 1.0 0
1 signage 488 368 296 296 1.0 0
1 signage 637 377 259 259 1.0 0
1 signage 605 379 370 370 1.0 0
1 signage 660 380 410 410 1.0 0
1 signage 637 386 259 259 1.0 0
1 signage 136 387 265 265 1.0 0
1 signage 605 388 259 259 1.0 0
1 signage 488 391 296 296 1.0 0
1 signage 834 394 259 259 1.0 0
1 signage 370 395 259 259 1.0 0
1 signage 637 397 259 259 1.0 0
1 signage 834 400 274 274 1.0 0
1 signage 488 401 296 296 1.0 0
1 signage 488 412 296 296 1.0 0
1 signage 605 413 259 259 1.0 0
1 signage 834 415 274 274 1.0 0
1 signage 637 417 274 274 1.0 0
1 signage 605 420 259 259 1.0 0
1 signage 834 425 274 274 1.0 0
1 signage 660 432 410 410 1.0 0
1 signage 637 433 259 259 1.0 0
1 signage 660 437 246 246 1.0 0
1 signage 136 440 265 265 1.0 0
1 signage 660 441 246 246 1.0 0
1 signage 204 443 95 95 1.0 0
1 signage 488 444 296 296 1.0 0
1 signage 605 448 265 265 1.0 0
1 signage 637 453 274 274 1.0 0
1 signage 370 454 259 259 1.0 0
1 signage 488 455 296 296 1.0 0
1 signage 660 476 246 246 1.0 0
1 signage 605 477 265 265 1.0 0
1 signage 637 482 259 259 1.0 0
1 signage 637 484 274 274 1.0 0
1 signage 834 487 274 274 1.0 0
1 signage 204 490 95 95 1.0 0
1 signage 488 491 296 296 1.0 0
1 signage 660 494 410 410 1.0 0
1 signage 605 500 259 259 1.0 0
1 signage 605 501 259 259 1.0 0
1 signage 886 502 259 259 1.0 0
1 signage 834 505 274 274 1.0 0
1 signage 488 506 296 296 1.0 0
1 signage 488 507 296 296 1.0 0
1 signage 834 508 296 296 1.0 0
1 signage 886 510 259 259 1.0 0
1 signage 637 516 259 259 1.0 0
1 signage 605 517 259 259 1.0 0
1 signage 605 522 259 259 1.0 0
1 signage 834 525 274 274 1.0 0
1 signage 488 526 296 296 1.0 0
1 signage 605 530 370 370 1.0 0
1 signage 136 537 265 265 1.0 0
1 signage 488 543 296 296 1.0 0
1 signage 370 548 259 259 1.0 0
1 signage 637 549 259 259 1.0 0
1 signage 660 551 410 410 1.0 0
1 signage 488 552 296 296 1.0 0
1 signage 834 554 259 259 1.0 0
1 signage 637 555 274 274 1.0 0
1 signage 834 559 259 259 1.0 0
1 signage 886 560 259 259 1.0 0
1 signage 660 564 246 246 1.0 0
1 signage 637 566 274 274 1.0 0
1 signage 637 567 274 274 1.0 0
1 signage 488 570 296 296 1.0 0
1 signage 886 571 259 259 1.0 0
1 signage 834 578 274 274 1.0 0
1 signage 605 579 370 370 1.0 0
1 signage 660 581 246 246 1.0 0
1 signage 204 584 95 95 1.0 0
1 signage 886 585 259 259 1.0 0
1 signage 834 586 259 259 1.0 0
1 signage 834 588 259 259 1.0 0
1 signage 660 594 410 410 1.0 0
1 signage 834 595 274 274 1.0 0
1 signage 637 597 274 274 1.0 0
1 signage 660 598 410 410 1.0 0
1 signage 274 599 296 296 1.0 0
1 signage 370 600 259 259 1.0 0
1 signage 834 601 274 274 1.0 0
1 signage 834 602 259 259 1.0 0
1 signage 834 605 274 274 1.0 0
1 signage 637 609 259 259 1.0 0
1 signage 834 616 274 274 1.0 0
1 signage 660 623 410 410 1.0 0
1 signage 660 624 246 246 1.0 0
1 signage 136 625 265 265 1.0 0
1 signage 488 626 296 296 1.0 0
1 signage 488 633 296 296 1.0 0
1 signage 605 634 259 259 1.0 0
1 signage 834 636 259 259 1.0 0
1 signage 660 641 410 410 1.0 0
1 signage 886 644 274 274 1.0 0
1 signage 488 646 296 296 1.0 0
1 signage 605 651 370 370 1.0 0
1 signage 370 652 259 259 1.0 0
1 signage 488 655 296 296 1.0 0
1 signage 488 657 296 296 1.0 0
1 signage 834 682 274 274 1.0 0
1 signage 660 683 410 410 1.0 0
1 signage 834 684 259 259 1.0 0
1 signage 660 686 410 410 1.0 0
1 signage 886 689 259 259 1.0 0
1 signage 637 695 274 274 1.0 0
1 signage 605 701 370 370 1.0 0
1 signage 637 705 296 296 1.0 0
1 signage 660 709 246 246 1.0 0
1 signage 370 711 265 265 1.0 0
1 signage 488 713 296 296 1.0 0
1 signage 605 715 259 259 1.0 0
1 signage 637 722 259 259 1.0 0
1 signage 660 728 410 410 1.0 0
1 signage 605 744 370 370 1.0 0
1 signage 204 745 95 95 1.0 0
1 signage 637 746 259 259 1.0 0
1 signage 605 750 370 370 1.0 0
1 signage 637 751 259 259 1.0 0
1 signage 834 752 274 274 1.0 0
1 signage 886 754 259 259 1.0 0
1 signage 637 759 259 259 1.0 0
1 signage 605 765 259 259 1.0 0
1 signage 834 768 274 274 1.0 0
1 signage 488 771 296 296 1.0 0
1 signage 660 772 410 410 1.0 0
1 signage 605 773 370 370 1.0 0
1 signage 605 778 259 259 1.0 0
1 signage 605 782 370 370 1.0 0
1 signage 605 789 259 259 1.0 0
1 signage 605 793 370 370 1.0 0
1 signage 488 794 296 296 1.0 0
1 signage 370 795 259 259 1.0 0
1 signage 605 802 370 370 1.0 0
1 signage 488 806 296 296 1.0 0
1 signage 660 807 410 410 1.0 0
1 signage 605 808 259 259 1.0 0
1 signage 488 810 296 296 1.0 0
1 signage 488 814 296 296 1.0 0
1 signage 204 818 95 95 1.0 0
1 signage 370 820 259 259 1.0 0
1 signage 370 823 265 265 1.0 0
1 signage 834 826 274 274 1.0 0
1 signage 834 831 259 259 1.0 0
1 signage 637 837 259 259 1.0 0
1 signage 637 838 259 259 1.0 0
1 signage 488 846 296 296 1.0 0
1 signage 605 849 370 370 1.0 0
1 signage 834 858 274 274 1.0 0
1 signage 834 859 274 274 1.0 0
1 signage 637 862 259 259 1.0 0
1 signage 605 863 370 370 1.0 0
1 signage 637 866 296 296 1.0 0
1 signage 605 877 370 370 1.0 0
1 signage 605 880 370 370 1.0 0
1 signage 660 883 410 410 1.0 0
1 signage 637 889 259 259 1.0 0
1 signage 660 890 410 410 1.0 0
1 signage 660 892 246 246 1.0 0
1 signage 660 900 246 246 1.0 0
1 signage 834 905 296 296 1.0 0
1 signage 605 907 370 370 1.0 0
1 signage 204 912 95 95 1.0 0
1 signage 637 918 274 274 1.0 0
1 signage 605 920 370 370 1.0 0
1 signage 637 922 274 274 1.0 0
1 signage 605 923 370 370 1.0 0
1 signage 605 924 259 259 1.0 0
1 signage 834 925 259 259 1.0 0
1 signage 660 926 410 410 1.0 0
1 signage 660 927 246 246 1.0 0
1 signage 660 930 410 410 1.0 0
1 signage 660 935 246 246 1.0 0
1 signage 637 937 259 259 1.0 0
1 signage 660 942 410 410 1.0 0
1 signage 660 945 246 246 1.0 0
1 signage 605 952 370 370 1.0 0
1 signage 136 955 265 265 1.0 0
1 signage 605 958 370 370 1.0 0
1 signage 370 961 259 259 1.0 0
1 signage 660 973 246 246 1.0 0
1 signage 660 976 410 410 1.0 0
1 signage 605 987 259 259 1.0 0
1 signage 660 990 410 410 1.0 0
1 signage 605 991 259 259 1.0 0
1 signage 488 994 296 296 1.0 0
1 signage 605 997 370 370 1.0 0
1 signage 370 1001 259 259 1.0 0
1 signage 488 1002 296 296 1.0 0
1 signage 886 1004 259 259 1.0 0
1 signage 605 1006 259 259 1.0 0
1 signage 637 1007 259 259 1.0 0
1 signage 834 1008 274 274 1.0 0
1 signage 136 1009 265 265 1.0 0
1 signage 660 1014 410 410 1.0 0
1 signage 605 1016 259 259 1.0 0
1 signage 637 1022 259 259 1.0 0
1 signage 605 1025 370 370 1.0 0
1 signage 605 1028 265 265 1.0 0
1 signage 886 1029 296 296 1.0 0
1 signage 488 1031 296 296 1.0 0
1 signage 886 1033 259 259 1.0 0
1 signage 834 1034 259 259 1.0 0
1 signage 605 1040 265 265 1.0 0
1 signage 136 1045 265 265 1.0 0
1 signage 834 1049 274 274 1.0 0
1 signage 605 1050 265 265 1.0 0
1 signage 660 1051 246 246 1.0 0
1 signage 488 1063 296 296 1.0 0
1 signage 605 1064 370 370 1.0 0
1 signage 834 1068 274 274 1.0 0
1 signage 488 1070 296 296 1.0 0
1 signage 605 1072 265 265 1.0 0
1 signage 834 1079 259 259 1.0 0
1 signage 834 1083 274 274 1.0 0
1 signage 488 1085 296 296 1.0 0
1 signage 605 1087 370 370 1.0 0
1 signage 488 1088 296 296 1.0 0
1 signage 605 1092 370 370 1.0 0
1 signage 660 1093 410 410 1.0 0
1 signage 637 1094 296 296 1.0 0
1 signage 886 1095 259 259 1.0 0
1 signage 660 1097 410 410 1.0 0
1 signage 637 1102 259 259 1.0 0
1 signage 488 1104 296 296 1.0 0
1 signage 605 1107 370 370 1.0 0
1 signage 637 1109 296 296 1.0 0
1 signage 834 1110 274 274 1.0 0
1 signage 136 1113 265 265 1.0 0
1 signage 660 1115 246 246 1.0 0
1 signage 488 1116 296 296 1.0 0
1 signage 605 1122 259 259 1.0 0
1 signage 488 1123 296 296 1.0 0
1 signage 605 1130 370 370 1.0 0
1 signage 637 1132 259 259 1.0 0
1 signage 834 1137 274 274 1.0 0
1 signage 834 1139 274 274 1.0 0
1 signage 834 1141 274 274 1.0 0
1 signage 136 1142 265 265 1.0 0
1 signage 488 1146 296 296 1.0 0
1 signage 886 1147 274 274 1.0 0
1 signage 370 1149 259 259 1.0 0
1 signage 204 1150 95 95 1.0 0
1 signage 660 1151 410 410 1.0 0
1 signage 370 1160 259 259 1.0 0
1 signage 605 1162 370 370 1.0 0
1 signage 605 1163 370 370 1.0 0
1 signage 886 1168 259 259 1.0 0
1 signage 605 1170 370 370 1.0 0
1 signage 488 1171 296 296 1.0 0
1 signage 834 1172 259 259 1.0 0
1 signage 834 1175 274 274 1.0 0
1 signage 637 1176 274 274 1.0 0
1 signage 637 1182 274 274 1.0 0
1 signage 637 1183 274 274 1.0 0
1 signage 834 1185 274 274 1.0 0
1 signage 488 1186 296 296 1.0 0
1 signage 370 1188 265 265 1.0 0
1 signage 834 1189 274 274 1.0 0
1 signage 834 1191 296 296 1.0 0
1 signage 660 1196 246 246 1.0 0
1 signage 834 1199 274 274 1.0 0
1 signage 637 1208 259 259 1.0 0
1 signage 660 1216 246 246 1.0 0
1 signage 488 1218 296 296 1.0 0
1 signage 886 1225 296 296 1.0 0
1 signage 834 1229 259 259 1.0 0
1 signage 204 1231 95 95 1.0 0
1 signage 605 1232 259 259 1.0 0
1 signage 605 1238 259 259 1.0 0
1 signage 660 1242 246 246 1.0 0
1 signage 660 1246 410 410 1.0 0
1 signage 660 1248 246 246 1.0 0
1 signage 886 1251 274 274 1.0 0
1 signage 834 1253 259 259 1.0 0
1 signage 886 1254 259 259 1.0 0
1 signage 605 1258 370 370 1.0 0
1 signage 637 1263 259 259 1.0 0
1 signage 488 1268 296 296 1.0 0
1 signage 637 1269 274 274 1.0 0
1 signage 660 1270 246 246 1.0 0
1 signage 488 1275 296 296 1.0 0
1 signage 660 1277 246 246 1.0 0
1 signage 488 1287 296 296 1.0 0
1 signage 886 1288 274 274 1.0 0
1 signage 370 1290 259 259 1.0 0
1 signage 660 1293 410 410 1.0 0
1 signage 605 1295 259 259 1.0 0
1 signage 204 1296 95 95 1.0 0
1 signage 488 1298 296 296 1.0 0
1 signage 605 1301 259 259 1.0 0
1 signage 605 1303 370 370 1.0 0
1 signage 488 1305 296 296 1.0 0
1 signage 605 1308 370 370 1.0 0
1 signage 370 1314 259 259 1.0 0
1 signage 660 1319 246 246 1.0 0
1 signage 370 1322 259 259 1.0 0
1 signage 886 1326 274 274 1.0 0
1 signage 834 1328 274 274 1.0 0
1 signage 605 1331 265 265 1.0 0
1 signage 660 1332 246 246 1.0 0
1 signage 660 1339 410 410 1.0 0
1 signage 370 1340 265 265 1.0 0
1 signage 605 1343 370 370 1.0 0
1 signage 605 1344 370 370 1.0 0
1 signage 605 1349 259 259 1.0 0
1 signage 204 1350 95 95 1.0 0
1 signage 660 1356 246 246 1.0 0
1 signage 660 1359 410 410 1.0 0
1 signage 605 1369 265 265 1.0 0
1 signage 660 1376 246 246 1.0 0
1 signage 637 1377 274 274 1.0 0
1 signage 834 1383 274 274 1.0 0
1 signage 488 1384 296 296 1.0 0
1 signage 834 1387 274 274 1.0 0
1 signage 605 1388 370 370 1.0 0
1 signage 488 1389 296 296 1.0 0
1 signage 605 1390 265 265 1.0 0
1 signage 488 1391 296 296 1.0 0
1 signage 834 1398 274 274 1.0 0
1 signage 605 1400 370 370 1.0 0
1 signage 605 1406 265 265 1.0 0
1 signage 834 1408 274 274 1.0 0
1 signage 370 1409 259 259 1.0 0
1 signage 488 1413 296 296 1.0 0
1 signage 637 1415 274 274 1.0 0
1 signage 370 1417 259 259 1.0 0
1 signage 605 1418 259 259 1.0 0
1 signage 660 1422 410 410 1.0 0
1 signage 660 1424 246 246 1.0 0
1 signage 605 1427 259 259 1.0 0
1 signage 660 1431 246 246 1.0 0
1 signage 136 1433 265 265 1.0 0
1 signage 660 1434 410 410 1.0 0
1 signage 488 1436 296 296 1.0 0
1 signage 136 1437 265 265 1.0 0
1 signage 488 1441 296 296 1.0 0
1 signage 488 1444 296 296 1.0 0
1 signage 834 1448 259 259 1.0 0
1 signage 370 1449 265 265 1.0 0
1 signage 660 1451 410 410 1.0 0
1 signage 637 1455 259 259 1.0 0
1 signage 370 1459 259 259 1.0 0
1 signage 488 1468 296 296 1.0 0
1 signage 370 1469 259 259 1.0 0
1 signage 605 1471 370 370 1.0 0
1 signage 660 1472 410 410 1.0 0
1 signage 605 1473 370 370 1.0 0
1 signage 886 1476 259 259 1.0 0
1 signage 488 1481 296 296 1.0 0
1 signage 660 1484 246 246 1.0 0
1 signage 637 1485 259 259 1.0 0
1 signage 204 1488 95 95 1.0 0
1 signage 605 1492 370 370 1.0 0
1 signage 605 1493 370 370 1.0 0
1 signage 886 1495 259 259 1.0 0
1 signage 605 1496 370 370 1.0 0
1 signage 660 1497 246 246 1.0 0
1 signage 886 1499 259 259 1.0 0
1 signage 488 1503 296 296 1.0 0
1 signage 605 1508 259 259 1.0 0
1 signage 660 1509 246 246 1.0 0
1 signage 660 1511 410 410 1.0 0
1 signage 605 1512 259 259 1.0 0
1 signage 834 1524 259 259 1.0 0
1 signage 204 1526 95 95 1.0 0
1 signage 488 1531 296 296 1.0 0
1 signage 660 1535 246 246 1.0 0
1 signage 605 1536 370 370 1.0 0
1 signage 488 1538 296 296 1.0 0
1 signage 637 1543 274 274 1.0 0
1 signage 637 1547 274 274 1.0 0
1 signage 660 1549 246 246 1.0 0
1 signage 605 1550 370 370 1.0 0
1 signage 370 1551 259 259 1.0 0
1 signage 605 1556 259 259 1.0 0
1 signage 660 1561 246 246 1.0 0
1 signage 660 1562 410 410 1.0 0
1 signage 660 1564 410 410 1.0 0
1 signage 637 1566 274 274 1.0 0
1 signage 637 1568 259 259 1.0 0
1 signage 370 1571 259 259 1.0 0
1 signage 605 1572 265 265 1.0 0
1 signage 637 1577 274 274 1.0 0
1 signage 488 1581 296 296 1.0 0
1 signage 660 1584 246 246 1.0 0
1 signage 834 1588 274 274 1.0 0
1 signage 660 1589 246 246 1.0 0
1 signage 660 1591 246 246 1.0 0
1 signage 488 1594 296 296 1.0 0
1 signage 488 1595 296 296 1.0 0
1 signage 488 1599 296 296 1.0 0
1 signage 488 1600 296 296 1.0 0
1 signage 886 1602 274 274 1.0 0
1 signage 370 1604 259 259 1.0 0
1 signage 637 1609 274 274 1.0 0
1 signage 605 1611 370 370 1.0 0
1 signage 488 1615 296 296 1.0 0
1 signage 488 1616 296 296 1.0 0
1 signage 637 1617 259 259 1.0 0
1 signage 370 1618 265 265 1.0 0
1 signage 204 1629 95 95 1.0 0
1 signage 834 1630 259 259 1.0 0
1 signage 660 1632 246 246 1.0 0
1 signage 605 1634 259 259 1.0 0
1 signage 834 1639 274 274 1.0 0
1 signage 488 1647 296 296 1.0 0
1 signage 605 1649 370 370 1.0 0
1 signage 660 1650 410 410 1.0 0
1 signage 834 1652 296 296 1.0 0
1 signage 488 1655 296 296 1.0 0
1 signage 660 1657 246 246 1.0 0
1 signage 637 1658 259 259 1.0 0
1 signage 370 1659 259 259 1.0 0
1 signage 660 1660 246 246 1.0 0
1 signage 834 1668 274 274 1.0 0
1 signage 637 1670 274 274 1.0 0
1 signage 660 1672 410 410 1.0 0
1 signage 660 1674 246 246 1.0 0
1 signage 660 1680 246 246 1.0 0
1 signage 488 1681 296 296 1.0 0
1 signage 488 1684 296 296 1.0 0
1 signage 370 1685 265 265 1.0 0
1 signage 488 1693 296 296 1.0 0
1 signage 834 1696 259 259 1.0 0
1 signage 605 1698 370 370 1.0 0
1 signage 605 1700 370 370 1.0 0
1 signage 370 1703 259 259 1.0 0
1 signage 370 1705 259 259 1.0 0
1 signage 660 1710 410 410 1.0 0
1 signage 660 1713 246 246 1.0 0
1 signage 834 1721 274 274 1.0 0
1 signage 488 1728 296 296 1.0 0
1 signage 834 1732 274 274 1.0 0
1 signage 886 1733 259 259 1.0 0
1 signage 637 1741 274 274 1.0 0
1 signage 637 1745 259 259 1.0 0
1 signage 370 1756 265 265 1.0 0
1 signage 637 1758 259 259 1.0 0
1 signage 605 1759 259 259 1.0 0
1 signage 660 1761 246 246 1.0 0
1 signage 136 1762 265 265 1.0 0
1 signage 637 1763 259 259 1.0 0
1 signage 660 1766 246 246 1.0 0
1 signage 605 1769 370 370 1.0 0
1 signage 488 1771 296 296 1.0 0
1 signage 834 1772 296 296 1.0 0
1 signage 605 1774 259 259 1.0 0
1 signage 488 1778 296 296 1.0 0
1 signage 660 1784 246 246 1.0 0
1 signage 605 1785 370 370 1.0 0
1 signage 605 1787 370 370 1.0 0
1 signage 660 1789 246 246 1.0 0
1 signage 488 1790 296 296 1.0 0
1 signage 637 1792 274 274 1.0 0
1 signage 488 1797 296 296 1.0 0
1 signage 488 1804 296 296 1.0 0
1 signage 660 1805 246 246 1.0 0
1 signage 488 1807 296 296 1.0 0
1 signage 488 1808 296 296 1.0 0
1 signage 660 1814 246 246 1.0 0
1 signage 660 1817 246 246 1.0 0
1 signage 660 1820 246 246 1.0 0
1 signage 834 1824 274 274 1.0 0
1 signage 886 1825 296 296 1.0 0
1 signage 605 1829 259 259 1.0 0
1 signage 834 1831 274 274 1.0 0
1 signage 637 1832 259 259 1.0 0
1 signage 605 1836 259 259 1.0 0
1 signage 605 1837 259 259 1.0 0
1 signage 660 1845 246 246 1.0 0
1 signage 660 1847 410 410 1.0 0
1 signage 637 1848 259 259 1.0 0
1 signage 660 1853 246 246 1.0 0
1 signage 637 1856 259 259 1.0 0
1 signage 488 1862 296 296 1.0 0
1 signage 488 1863 296 296 1.0 0
1 signage 370 1866 265 265 1.0 0
1 signage 605 1878 370 370 1.0 0
1 signage 834 1881 259 259 1.0 0
1 signage 637 1885 274 274 1.0 0
1 signage 370 1887 259 259 1.0 0
1 signage 605 1888 259 259 1.0 0
1 signage 660 1894 410 410 1.0 0
1 signage 370 1895 259 259 1.0 0
1 signage 605 1900 370 370 1.0 0
1 signage 886 1901 259 259 1.0 0
1 signage 605 1904 370 370 1.0 0
1 signage 605 1909 370 370 1.0 0
1 signage 605 1911 370 370 1.0 0
1 signage 660 1912 246 246 1.0 0
1 signage 605 1921 370 370 1.0 0
1 signage 834 1928 259 259 1.0 0
1 signage 834 1929 274 274 1.0 0
1 signage 605 1930 259 259 1.0 0
1 signage 637 1932 274 274 1.0 0
1 signage 834 1936 274 274 1.0 0
1 signage 605 1937 370 370 1.0 0
1 signage 834 1938 296 296 1.0 0
1 signage 488 1948 296 296 1.0 0
1 signage 637 1949 274 274 1.0 0
1 signage 637 1950 259 259 1.0 0
1 signage 660 1951 410 410 1.0 0
1 signage 370 1956 265 265 1.0 0
1 signage 660 1958 410 410 1.0 0
1 signage 488 1960 296 296 1.0 0
1 signage 660 1961 246 246 1.0 0
1 signage 637 1964 274 274 1.0 0
1 signage 136 1968 259 259 1.0 0
1 signage 605 1969 370 370 1.0 0
1 signage 605 1972 370 370 1.0 0
1 signage 488 1973 296 296 1.0 0
1 signage 370 1977 265 265 1.0 0
1 signage 834 1978 274 274 1.0 0
1 signage 834 1983 296 296 1.0 0
1 signage 886 1984 259 259 1.0 0
1 signage 605 1992 370 370 1.0 0
1 signage 637 1995 274 274 1.0 0
1 signage 204 1996 95 95 1.0 0
1 signage 488 1998 296 296 1.0 0
1 signage 370 1999 259 259 1.0 0
1 signage 488 2004 296 296 1.0 0
1 signage 605 2005 259 259 1.0 0
1 signage 834 2007 274 274 1.0 0
1 signage 834 2009 259 259 1.0 0
1 signage 834 2012 274 274 1.0 0
1 signage 605 2018 370 370 1.0 0
1 signage 204 2019 95 95 1.0 0
1 signage 660 2020 246 246 1.0 0
1 signage 605 2022 259 259 1.0 0
1 signage 660 2026 410 410 1.0 0
1 signage 637 2027 274 274 1.0 0
1 signage 886 2030 259 259 1.0 0
1 signage 370 2032 259 259 1.0 0
1 signage 488 2034 296 296 1.0 0
1 signage 834 2039 274 274 1.0 0
1 signage 886 2046 259 259 1.0 0
1 signage 605 2047 370 370 1.0 0
1 signage 370 2050 259 259 1.0 0
1 signage 637 2055 259 259 1.0 0
1 signage 637 2063 259 259 1.0 0
1 signage 488 2066 296 296 1.0 0
1 signage 637 2067 296 296 1.0 0
1 signage 204 2069 95 95 1.0 0
1 signage 488 2071 296 296 1.0 0
1 signage 605 2082 370 370 1.0 0
1 signage 637 2084 259 259 1.0 0
1 signage 637 2092 274 274 1.0 0
1 signage 488 2094 296 296 1.0 0
1 signage 886 2096 259 259 1.0 0
1 signage 488 2097 296 296 1.0 0
1 signage 834 2105 259 259 1.0 0
1 signage 886 2111 259 259 1.0 0
1 signage 488 2114 296 296 1.0 0
1 signage 637 2121 274 274 1.0 0
1 signage 605 2123 370 370 1.0 0
1 signage 834 2124 259 259 1.0 0
1 signage 637 2125 274 274 1.0 0
1 signage 886 2127 274 274 1.0 0
1 signage 660 2130 410 410 1.0 0
1 signage 660 2131 410 410 1.0 0
1 signage 488 2134 296 296 1.0 0
1 signage 605 2135 265 265 1.0 0
1 signage 886 2137 296 296 1.0 0
1 signage 605 2138 370 370 1.0 0
1 signage 886 2141 259 259 1.0 0
1 signage 637 2143 259 259 1.0 0
1 signage 370 2144 259 259 1.0 0
1 signage 886 2152 296 296 1.0 0
1 signage 488 2154 296 296 1.0 0
1 signage 370 2159 259 259 1.0 0
1 signage 834 2161 274 274 1.0 0
1 signage 637 2166 259 259 1.0 0
1 signage 136 2167 265 265 1.0 0
1 signage 637 2170 259 259 1.0 0
1 signage 136 2172 265 265 1.0 0
1 signage 605 2174 265 265 1.0 0
1 signage 488 2176 296 296 1.0 0
1 signage 274 2177 296 296 1.0 0
1 signage 605 2180 370 370 1.0 0
1 signage 605 2184 370 370 1.0 0
1 signage 605 2187 370 370 1.0 0
1 signage 488 2201 296 296 1.0 0
1 signage 605 2203 370 370 1.0 0
1 signage 605 2205 265 265 1.0 0
1 signage 204 2207 95 95 1.0 0
1 signage 660 2211 246 246 1.0 0
1 signage 660 2213 410 410 1.0 0
1 signage 834 2216 259 259 1.0 0
1 signage 834 2226 274 274 1.0 0
1 signage 488 2229 296 296 1.0 0
1 signage 370 2236 265 265 1.0 0
1 signage 488 2239 296 296 1.0 0
1 signage 637 2243 259 259 1.0 0
1 signage 886 2246 274 274 1.0 0
1 signage 660 2247 246 246 1.0 0
1 signage 886 2248 259 259 1.0 0
1 signage 488 2252 296 296 1.0 0
1 signage 660 2256 246 246 1.0 0
1 signage 274 2270 296 296 1.0 0
1 signage 834 2271 274 274 1.0 0
1 signage 605 2277 370 370 1.0 0
1 signage 488 2279 296 296 1.0 0
1 signage 834 2283 274 274 1.0 0
1 signage 488 2284 296 296 1.0 0
1 signage 660 2287 410 410 1.0 0
1 signage 660 2289 246 246 1.0 0
1 signage 886 2290 259 259 1.0 0
1 signage 834 2291 259 259 1.0 0
1 signage 136 2296 265 265 1.0 0
1 signage 605 2301 370 370 1.0 0
1 signage 204 2302 95 95 1.0 0
1 signage 136 2308 265 265 1.0 0
1 signage 834 2309 274 274 1.0 0
1 signage 660 2311 246 246 1.0 0
1 signage 660 2314 246 246 1.0 0
1 signage 660 2322 410 410 1.0 0
1 signage 637 2324 274 274 1.0 0
1 signage 660 2325 246 246 1.0 0
1 signage 605 2326 370 370 1.0 0
1 signage 605 2327 259 259 1.0 0
1 signage 886 2329 259 259 1.0 0
1 signage 488 2330 296 296 1.0 0
1 signage 834 2332 274 274 1.0 0
1 signage 605 2333 259 259 1.0 0
1 signage 488 2341 296 296 1.0 0
1 signage 488 2342 296 296 1.0 0
1 signage 204 2346 95 95 1.0 0
1 signage 637 2347 274 274 1.0 0
1 signage 136 2349 259 259 1.0 0
1 signage 605 2350 370 370 1.0 0
1 signage 488 2354 296 296 1.0 0
1 signage 488 2356 296 296 1.0 0
1 signage 488 2357 296 296 1.0 0
1 signage 886 2360 274 274 1.0 0
1 signage 488 2361 296 296 1.0 0
1 signage 660 2362 246 246 1.0 0
1 signage 136 2366 265 265 1.0 0
1 signage 660 2367 246 246 1.0 0
1 signage 605 2368 265 265 1.0 0
1 signage 834 2372 274 274 1.0 0
1 signage 637 2381 274 274 1.0 0
1 signage 370 2382 265 265 1.0 0
1 signage 605 2383 370 370 1.0 0
1 signage 660 2386 410 410 1.0 0
1 signage 660 2390 246 246 1.0 0
1 signage 834 2391 274 274 1.0 0
1 signage 370 2395 265 265 1.0 0
1 signage 834 2396 259 259 1.0 0
1 signage 488 2398 296 296 1.0 0
1 signage 370 2400 265 265 1.0 0
1 signage 136 2406 265 265 1.0 0
1 signage 605 2407 370 370 1.0 0
1 signage 488 2409 296 296 1.0 0
1 signage 488 2410 296 296 1.0 0
1 signage 834 2413 259 259 1.0 0
1 signage 886 2414 259 259 1.0 0
1 signage 660 2415 246 246 1.0 0
1 signage 637 2423 274 274 1.0 0
1 signage 637 2424 259 259 1.0 0
1 signage 204 2428 95 95 1.0 0
1 signage 637 2429 259 259 1.0 0
1 signage 637 2431 259 259 1.0 0
1 signage 488 2434 296 296 1.0 0
1 signage 660 2445 246 246 1.0 0
1 signage 370 2446 265 265 1.0 0
1 signage 605 2447 370 370 1.0 0
1 signage 886 2448 259 259 1.0 0
1 signage 637 2449 296 296 1.0 0
1 signage 370 2450 259 259 1.0 0
1 signage 660 2453 246 246 1.0 0
1 signage 637 2457 259 259 1.0 0
1 signage 660 2459 246 246 1.0 0
1 signage 886 2466 259 259 1.0 0
1 signage 660 2477 246 246 1.0 0
1 signage 637 2478 259 259 1.0 0
1 signage 488 2479 296 296 1.0 0
1 signage 660 2482 246 246 1.0 0
1 signage 834 2484 259 259 1.0 0
1 signage 834 2485 296 296 1.0 0
1 signage 660 2488 410 410 1.0 0
1 signage 488 2489 296 296 1.0 0
1 signage 834 2490 259 259 1.0 0
1 signage 488 2492 296 296 1.0 0
1 signage 660 2493 246 246 1.0 0
1 signage 488 2496 296 296 1.0 0
1 signage 605 2497 370 370 1.0 0
1 signage 204 2498 95 95 1.0 0
1 signage 605 2503 370 370 1.0 0
1 signage 660 2505 246 246 1.0 0
1 signage 605 2508 259 259 1.0 0
1 signage 886 2511 259 259 1.0 0
1 signage 834 2519 274 274 1.0 0
1 signage 605 2522 259 259 1.0 0
1 signage 605 2523 370 370 1.0 0
1 signage 637 2525 274 274 1.0 0
1 signage 834 2531 274 274 1.0 0
1 signage 660 2532 246 246 1.0 0
1 signage 834 2533 274 274 1.0 0
1 signage 834 2537 259 259 1.0 0
1 signage 370 2539 259 259 1.0 0
1 signage 834 2544 274 274 1.0 0
1 signage 637 2546 259 259 1.0 0
1 signage 605 2548 259 259 1.0 0
1 signage 488 2549 296 296 1.0 0
1 signage 488 2551 296 296 1.0 0
1 signage 605 2552 259 259 1.0 0
1 signage 488 2554 296 296 1.0 0
1 signage 488 2555 296 296 1.0 0
1 signage 637 2558 274 274 1.0 0
1 signage 834 2561 274 274 1.0 0
1 signage 605 2562 370 370 1.0 0
1 signage 834 2565 274 274 1.0 0
1 signage 637 2568 274 274 1.0 0
1 signage 660 2573 246 246 1.0 0
1 signage 370 2574 259 259 1.0 0
1 signage 637 2579 259 259 1.0 0
1 signage 637 2581 259 259 1.0 0
1 signage 660 2594 246 246 1.0 0
1 signage 886 2597 274 274 1.0 0
1 signage 605 2606 259 259 1.0 0
1 signage 370 2613 259 259 1.0 0
1 signage 605 2615 370 370 1.0 0
1 signage 488 2623 296 296 1.0 0
1 signage 370 2625 259 259 1.0 0
1 signage 637 2626 259 259 1.0 0
1 signage 637 2628 259 259 1.0 0
1 signage 660 2631 246 246 1.0 0
1 signage 370 2634 265 265 1.0 0
1 signage 886 2639 259 259 1.0 0
1 signage 637 2642 259 259 1.0 0
1 signage 834 2643 274 274 1.0 0
1 signage 637 2647 259 259 1.0 0
1 signage 274 2648 296 296 1.0 0
1 signage 834 2651 274 274 1.0 0
1 signage 488 2656 296 296 1.0 0
1 signage 605 2657 370 370 1.0 0
1 signage 637 2658 259 259 1.0 0
1 signage 605 2659 370 370 1.0 0
1 signage 488 2660 296 296 1.0 0
1 signage 834 2663 274 274 1.0 0
1 signage 204 2673 95 95 1.0 0
1 signage 488 2674 296 296 1.0 0
1 signage 488 2676 296 296 1.0 0
1 signage 660 2677 246 246 1.0 0
1 signage 274 2678 296 296 1.0 0
1 signage 834 2681 274 274 1.0 0
1 signage 660 2690 246 246 1.0 0
1 signage 886 2692 259 259 1.0 0
1 signage 136 2696 259 259 1.0 0
1 signage 660 2698 410 410 1.0 0
1 signage 660 2701 410 410 1.0 0
1 signage 370 2705 259 259 1.0 0
1 signage 834 2706 259 259 1.0 0
1 signage 605 2707 259 259 1.0 0
1 signage 204 2711 95 95 1.0 0
1 signage 136 2712 265 265 1.0 0
1 signage 370 2713 259 259 1.0 0
1 signage 605 2714 370 370 1.0 0
1 signage 637 2718 274 274 1.0 0
1 signage 834 2720 259 259 1.0 0
1 signage 637 2725 259 259 1.0 0
1 signage 605 2726 370 370 1.0 0
1 signage 660 2729 246 246 1.0 0
1 signage 886 2732 296 296 1.0 0
1 signage 605 2734 370 370 1.0 0
1 signage 637 2735 259 259 1.0 0
1 signage 660 2736 246 246 1.0 0
1 signage 274 2742 296 296 1.0 0
1 signage 660 2750 410 410 1.0 0
1 signage 488 2751 296 296 1.0 0
1 signage 660 2753 246 246 1.0 0
1 signage 660 2754 246 246 1.0 0
1 signage 488 2759 296 296 1.0 0
1 signage 886 2762 274 274 1.0 0
1 signage 605 2763 259 259 1.0 0
1 signage 488 2765 296 296 1.0 0
1 signage 370 2767 259 259 1.0 0
1 signage 886 2770 274 274 1.0 0
1 signage 834 2771 259 259 1.0 0
1 signage 370 2775 265 265 1.0 0
1 signage 605 2781 259 259 1.0 0
1 signage 370 2784 259 259 1.0 0
1 signage 605 2786 370 370 1.0 0
1 signage 488 2795 296 296 1.0 0
1 signage 834 2796 274 274 1.0 0
1 signage 605 2797 259 259 1.0 0
1 signage 637 2798 259 259 1.0 0
1 signage 488 2802 296 296 1.0 0
1 signage 637 2808 274 274 1.0 0
1 signage 660 2809 246 246 1.0 0
1 signage 660 2818 246 246 1.0 0
1 signage 605 2821 265 265 1.0 0
1 signage 488 2822 296 296 1.0 0
1 signage 637 2823 274 274 1.0 0
1 signage 488 2824 296 296 1.0 0
1 signage 605 2828 370 370 1.0 0
1 signage 370 2830 259 259 1.0 0
1 signage 605 2831 370 370 1.0 0
1 signage 637 2832 274 274 1.0 0
1 signage 605 2833 259 259 1.0 0
1 signage 834 2836 259 259 1.0 0
1 signage 488 2840 296 296 1.0 0
1 signage 605 2841 265 265 1.0 0
1 signage 370 2844 259 259 1.0 0
1 signage 834 2848 274 274 1.0 0
1 signage 886 2851 274 274 1.0 0
1 signage 660 2853 410 410 1.0 0
1 signage 488 2856 296 296 1.0 0
1 signage 660 2861 246 246 1.0 0
1 signage 136 2865 265 265 1.0 0
1 signage 834 2867 274 274 1.0 0
1 signage 886 2868 259 259 1.0 0
1 signage 886 2874 259 259 1.0 0
1 signage 488 2875 296 296 1.0 0
1 signage 660 2876 410 410 1.0 0
1 signage 274 2878 296 296 1.0 0
1 signage 605 2880 265 265 1.0 0
1 signage 637 2884 274 274 1.0 0
1 signage 834 2900 259 259 1.0 0
1 signage 637 2902 259 259 1.0 0
1 signage 605 2907 259 259 1.0 0
1 signage 605 2909 259 259 1.0 0
1 signage 136 2912 265 265 1.0 0
1 signage 660 2915 246 246 1.0 0
1 signage 637 2916 259 259 1.0 0
1 signage 605 2919 259 259 1.0 0
1 signage 834 2920 259 259 1.0 0
1 signage 605 2921 370 370 1.0 0
1 signage 204 2924 95 95 1.0 0
1 signage 605 2926 259 259 1.0 0
1 signage 370 2927 259 259 1.0 0
1 signage 886 2932 259 259 1.0 0
1 signage 274 2938 296 296 1.0 0
1 signage 834 2941 274 274 1.0 0
1 signage 605 2945 370 370 1.0 0
1 signage 660 2948 246 246 1.0 0
1 signage 605 2955 370 370 1.0 0
1 signage 488 2961 296 296 1.0 0
1 signage 136 2962 265 265 1.0 0
1 signage 834 2971 274 274 1.0 0
1 signage 660 2977 410 410 1.0 0
1 signage 637 2979 274 274 1.0 0
1 signage 834 2980 274 274 1.0 0
1 signage 834 2982 259 259 1.0 0
1 signage 274 2984 296 296 1.0 0
1 signage 274 2986 296 296 1.0 0
1 signage 886 2987 259 259 1.0 0
1 signage 605 2991 259 259 1.0 0
1 signage 637 2994 259 259 1.0 0
1 signage 660 2997 410 410 1.0 0
1 signage 370 2999 259 259 1.0 0
1 signage 834 3001 274 274 1.0 0
1 signage 605 3004 259 259 1.0 0
1 signage 637 3005 259 259 1.0 0
1 signage 488 3009 296 296 1.0 0
1 signage 637 3013 259 259 1.0 0
1 signage 605 3014 370 370 1.0 0
1 signage 605 3018 370 370 1.0 0
1 signage 834 3019 274 274 1.0 0
1 signage 605 3020 265 265 1.0 0
1 signage 660 3022 246 246 1.0 0
1 signage 605 3028 370 370 1.0 0
1 signage 605 3029 370 370 1.0 0
1 signage 605 3030 265 265 1.0 0
1 signage 834 3031 274 274 1.0 0
1 signage 637 3035 259 259 1.0 0
1 signage 370 3036 259 259 1.0 0
1 signage 660 3039 246 246 1.0 0
1 signage 370 3041 259 259 1.0 0
1 signage 834 3042 274 274 1.0 0
1 signage 488 3043 296 296 1.0 0
1 signage 605 3044 370 370 1.0 0
1 signage 488 3046 296 296 1.0 0
1 signage 660 3047 246 246 1.0 0
1 signage 605 3053 370 370 1.0 0
1 signage 886 3056 259 259 1.0 0
1 signage 136 3057 265 265 1.0 0
1 signage 660 3059 246 246 1.0 0
1 signage 834 3066 259 259 1.0 0
1 signage 488 3069 296 296 1.0 0
1 signage 886 3073 259 259 1.0 0
1 signage 136 3075 265 265 1.0 0
1 signage 660 3076 410 410 1.0 0
1 signage 370 3080 259 259 1.0 0
1 signage 605 3083 259 259 1.0 0
1 signage 204 3084 95 95 1.0 0
1 signage 488 3085 296 296 1.0 0
1 signage 370 3086 259 259 1.0 0
1 signage 660 3089 410 410 1.0 0
1 signage 488 3100 296 296 1.0 0
1 signage 660 3105 246 246 1.0 0
1 signage 605 3106 259 259 1.0 0
1 signage 834 3112 274 274 1.0 0
1 signage 637 3115 259 259 1.0 0
1 signage 488 3116 296 296 1.0 0
1 signage 834 3119 274 274 1.0 0
1 signage 605 3121 259 259 1.0 0
1 signage 834 3122 274 274 1.0 0
1 signage 488 3126 296 296 1.0 0
1 signage 660 3129 410 410 1.0 0
1 signage 488 3130 296 296 1.0 0
1 signage 637 3131 274 274 1.0 0
1 signage 605 3133 259 259 1.0 0
1 signage 605 3138 265 265 1.0 0
1 signage 605 3142 265 265 1.0 0
1 signage 605 3145 259 259 1.0 0
1 signage 488 3151 296 296 1.0 0
1 signage 660 3156 246 246 1.0 0
1 signage 204 3165 95 95 1.0 0
1 signage 274 3173 296 296 1.0 0
1 signage 605 3179 265 265 1.0 0
1 signage 488 3182 296 296 1.0 0
1 signage 488 3183 296 296 1.0 0
1 signage 370 3190 259 259 1.0 0
1 signage 886 3192 274 274 1.0 0
1 signage 660 3193 246 246 1.0 0
1 signage 370 3203 259 259 1.0 0
1 signage 274 3205 296 296 1.0 0
1 signage 660 3206 246 246 1.0 0
1 signage 660 3211 410 410 1.0 0
1 signage 637 3212 259 259 1.0 0
1 signage 605 3213 370 370 1.0 0
1 signage 834 3223 274 274 1.0 0
1 signage 834 3224 259 259 1.0 0
1 signage 660 3226 410 410 1.0 0
1 signage 605 3230 259 259 1.0 0
1 signage 370 3235 259 259 1.0 0
1 signage 488 3236 296 296 1.0 0
1 signage 370 3239 259 259 1.0 0
1 signage 605 3243 259 259 1.0 0
1 signage 136 3248 265 265 1.0 0
1 signage 370 3249 259 259 1.0 0
1 signage 660 3251 246 246 1.0 0
1 signage 370 3253 259 259 1.0 0
1 signage 834 3255 274 274 1.0 0
1 signage 834 3256 274 274 1.0 0
1 signage 605 3260 259 259 1.0 0
1 signage 834 3261 274 274 1.0 0
1 signage 637 3263 259 259 1.0 0
1 signage 637 3265 259 259 1.0 0
1 signage 886 3273 259 259 1.0 0
1 signage 488 3276 296 296 1.0 0
1 signage 605 3279 265 265 1.0 0
1 signage 370 3282 259 259 1.0 0
1 signage 637 3290 274 274 1.0 0
1 signage 886 3292 274 274 1.0 0
1 signage 488 3294 296 296 1.0 0
1 signage 660 3295 410 410 1.0 0
1 signage 488 3296 296 296 1.0 0
1 signage 488 3298 296 296 1.0 0
1 signage 660 3303 246 246 1.0 0
1 signage 488 3309 296 296 1.0 0
1 signage 834 3310 274 274 1.0 0
1 signage 834 3317 274 274 1.0 0
1 signage 660 3318 246 246 1.0 0
1 signage 605 3323 370 370 1.0 0
1 signage 488 3324 296 296 1.0 0
1 signage 834 3325 274 274 1.0 0
1 signage 488 3327 296 296 1.0 0
1 signage 660 3333 246 246 1.0 0
1 signage 488 3334 296 296 1.0 0
1 signage 637 3335 259 259 1.0 0
1 signage 370 3337 265 265 1.0 0
1 signage 488 3338 296 296 1.0 0
1 signage 488 3340 296 296 1.0 0
1 signage 605 3344 370 370 1.0 0
1 signage 605 3352 370 370 1.0 0
1 signage 488 3356 296 296 1.0 0
1 signage 637 3358 259 259 1.0 0
1 signage 605 3360 370 370 1.0 0
1 signage 886 3363 259 259 1.0 0
1 signage 834 3365 274 274 1.0 0
1 signage 136 3366 265 265 1.0 0
1 signage 886 3367 259 259 1.0 0
1 signage 488 3372 296 296 1.0 0
1 signage 488 3373 296 296 1.0 0
1 signage 605 3376 370 370 1.0 0
1 signage 834 3379 274 274 1.0 0
1 signage 605 3381 370 370 1.0 0
1 signage 605 3382 259 259 1.0 0
1 signage 834 3386 259 259 1.0 0
1 signage 660 3392 410 410 1.0 0
1 signage 637 3393 274 274 1.0 0
1 signage 605 3395 370 370 1.0 0
1 signage 637 3397 274 274 1.0 0
1 signage 834 3401 274 274 1.0 0
1 signage 886 3402 274 274 1.0 0
1 signage 370 3404 265 265 1.0 0
1 signage 605 3405 370 370 1.0 0
1 signage 488 3413 296 296 1.0 0
1 signage 660 3414 246 246 1.0 0
1 signage 637 3416 274 274 1.0 0
1 signage 637 3418 259 259 1.0 0
1 signage 834 3420 259 259 1.0 0
1 signage 637 3422 259 259 1.0 0
1 signage 488 3429 296 296 1.0 0
1 signage 370 3433 259 259 1.0 0
1 signage 660 3434 410 410 1.0 0
1 signage 834 3435 259 259 1.0 0
1 signage 488 3439 296 296 1.0 0
1 signage 660 3445 246 246 1.0 0
1 signage 605 3446 370 370 1.0 0
1 signage 834 3447 259 259 1.0 0
1 signage 637 3453 259 259 1.0 0
1 signage 834 3454 274 274 1.0 0
1 signage 605 3455 370 370 1.0 0
1 signage 605 3456 370 370 1.0 0
1 signage 488 3458 296 296 1.0 0
1 signage 660 3461 246 246 1.0 0
1 signage 660 3464 410 410 1.0 0
1 signage 660 3467 246 246 1.0 0
1 signage 886 3468 259 259 1.0 0
1 signage 637 3469 259 259 1.0 0
1 signage 605 3476 370 370 1.0 0
1 signage 834 3478 259 259 1.0 0
1 signage 660 3480 246 246 1.0 0
1 signage 660 3483 246 246 1.0 0
1 signage 488 3486 296 296 1.0 0
1 signage 660 3488 246 246 1.0 0
1 signage 370 3489 259 259 1.0 0
1 signage 886 3490 259 259 1.0 0
1 signage 660 3492 246 246 1.0 0
1 signage 834 3494 259 259 1.0 0
1 signage 370 3495 265 265 1.0 0
1 signage 637 3496 259 259 1.0 0
1 signage 637 3497 274 274 1.0 0
1 signage 274 3500 296 296 1.0 0
1 signage 488 3503 296 296 1.0 0
1 signage 605 3505 370 370 1.0 0
1 signage 886 3506 259 259 1.0 0
1 signage 660 3515 246 246 1.0 0
1 signage 834 3517 274 274 1.0 0
1 signage 637 3535 259 259 1.0 0
1 signage 660 3536 246 246 1.0 0
1 signage 637 3537 259 259 1.0 0
1 signage 605 3540 370 370 1.0 0
1 signage 605 3542 370 370 1.0 0
1 signage 660 3546 246 246 1.0 0
1 signage 488 3551 296 296 1.0 0
1 signage 660 3552 410 410 1.0 0
1 signage 370 3558 259 259 1.0 0
1 signage 637 3559 274 274 1.0 0
1 signage 886 3561 274 274 1.0 0
1 signage 637 3562 274 274 1.0 0
1 signage 605 3563 370 370 1.0 0
1 signage 488 3569 296 296 1.0 0
1 signage 370 3570 265 265 1.0 0
1 signage 605 3574 259 259 1.0 0
1 signage 660 3582 410 410 1.0 0
1 signage 488 3588 296 296 1.0 0
1 signage 834 3591 274 274 1.0 0
1 signage 637 3592 259 259 1.0 0
1 signage 637 3598 274 274 1.0 0
1 signage 605 3599 259 259 1.0 0
1 signage 136 3601 265 265 1.0 0
1 signage 834 3602 274 274 1.0 0
1 signage 637 3603 274 274 1.0 0
1 signage 660 3604 246 246 1.0 0
1 signage 488 3605 296 296 1.0 0
1 signage 637 3606 274 274 1.0 0
1 signage 488 3609 296 296 1.0 0
1 signage 605 3612 370 370 1.0 0
1 signage 605 3617 259 259 1.0 0
1 signage 605 3619 259 259 1.0 0
1 signage 834 3621 274 274 1.0 0
1 signage 605 3622 370 370 1.0 0
1 signage 605 3623 370 370 1.0 0
1 signage 660 3627 410 410 1.0 0
1 signage 886 3629 274 274 1.0 0
1 signage 637 3632 259 259 1.0 0
1 signage 605 3633 370 370 1.0 0
1 signage 488 3636 296 296 1.0 0
1 signage 605 3637 370 370 1.0 0
1 signage 637 3640 274 274 1.0 0
1 signage 488 3641 296 296 1.0 0
1 signage 660 3642 246 246 1.0 0
1 signage 637 3643 259 259 1.0 0
1 signage 637 3644 274 274 1.0 0
1 signage 488 3647 296 296 1.0 0
1 signage 637 3648 259 259 1.0 0
1 signage 605 3649 265 265 1.0 0
1 signage 488 3654 296 296 1.0 0
1 signage 886 3656 259 259 1.0 0
1 signage 660 3658 246 246 1.0 0
1 signage 637 3659 259 259 1.0 0
1 signage 605 3666 259 259 1.0 0
1 signage 605 3668 259 259 1.0 0
1 signage 886 3679 259 259 1.0 0
1 signage 886 3681 259 259 1.0 0
1 signage 605 3682 259 259 1.0 0
1 signage 605 3685 370 370 1.0 0
1 signage 605 3690 370 370 1.0 0
1 signage 834 3691 274 274 1.0 0
1 signage 488 3695 296 296 1.0 0
1 signage 605 3696 370 370 1.0 0
1 signage 637 3708 259 259 1.0 0
1 signage 660 3711 246 246 1.0 0
1 signage 834 3712 274 274 1.0 0
1 signage 274 3713 296 296 1.0 0
1 signage 637 3714 274 274 1.0 0
1 signage 605 3715 259 259 1.0 0
1 signage 605 3716 370 370 1.0 0
1 signage 637 3717 296 296 1.0 0
1 signage 834 3718 274 274 1.0 0
1 signage 660 3720 246 246 1.0 0
1 signage 834 3721 274 274 1.0 0
1 signage 488 3722 296 296 1.0 0
1 signage 488 3735 296 296 1.0 0
1 signage 834 3739 274 274 1.0 0
1 signage 488 3741 296 296 1.0 0
1 signage 136 3744 265 265 1.0 0
1 signage 637 3747 274 274 1.0 0
1 signage 834 3749 259 259 1.0 0
1 signage 834 3750 274 274 1.0 0
1 signage 605 3756 370 370 1.0 0
1 signage 605 3764 265 265 1.0 0
1 signage 488 3772 296 296 1.0 0
1 signage 834 3773 274 274 1.0 0
1 signage 605 3776 370 370 1.0 0
1 signage 660 3777 246 246 1.0 0
1 signage 886 3778 259 259 1.0 0
1 signage 637 3779 259 259 1.0 0
1 signage 637 3781 259 259 1.0 0
1 signage 488 3783 296 296 1.0 0
1 signage 834 3787 259 259 1.0 0
1 signage 605 3793 265 265 1.0 0
1 signage 834 3796 259 259 1.0 0
1 signage 886 3803 259 259 1.0 0
1 signage 605 3805 259 259 1.0 0
1 signage 370 3806 259 259 1.0 0
1 signage 488 3807 296 296 1.0 0
1 signage 886 3810 259 259 1.0 0
1 signage 660 3818 410 410 1.0 0
1 signage 370 3824 259 259 1.0 0
1 signage 637 3832 296 296 1.0 0
1 signage 660 3837 246 246 1.0 0
1 signage 605 3839 370 370 1.0 0
1 signage 660 3842 246 246 1.0 0
1 signage 605 3843 265 265 1.0 0
1 signage 370 3848 265 265 1.0 0
1 signage 886 3849 259 259 1.0 0
1 signage 637 3855 259 259 1.0 0
1 signage 637 3856 274 274 1.0 0
1 signage 488 3858 296 296 1.0 0
1 signage 660 3860 246 246 1.0 0
1 signage 370 3861 259 259 1.0 0
1 signage 886 3865 274 274 1.0 0
1 signage 605 3867 370 370 1.0 0
1 signage 660 3869 246 246 1.0 0
1 signage 637 3870 259 259 1.0 0
1 signage 488 3874 296 296 1.0 0
1 signage 834 3876 296 296 1.0 0
1 signage 605 3877 259 259 1.0 0
1 signage 660 3882 246 246 1.0 0
1 signage 488 3883 296 296 1.0 0
1 signage 834 3889 274 274 1.0 0
1 signage 370 3892 259 259 1.0 0
1 signage 637 3899 274 274 1.0 0
1 signage 274 3900 296 296 1.0 0
1 signage 660 3902 410 410 1.0 0
1 signage 488 3905 296 296 1.0 0
1 signage 605 3906 370 370 1.0 0
1 signage 605 3909 259 259 1.0 0
1 signage 660 3912 246 246 1.0 0
1 signage 637 3919 274 274 1.0 0
1 signage 274 3920 296 296 1.0 0
1 signage 660 3922 246 246 1.0 0
1 signage 660 3927 246 246 1.0 0
1 signage 660 3930 246 246 1.0 0
1 signage 886 3935 274 274 1.0 0
1 signage 265 3936 259 259 1.0 0
1 signage 488 3937 296 296 1.0 0
1 signage 660 3944 410 410 1.0 0
1 signage 605 3945 259 259 1.0 0
1 signage 637 3948 259 259 1.0 0
1 signage 274 3954 296 296 1.0 0
1 signage 886 3957 274 274 1.0 0
1 signage 488 3961 296 296 1.0 0
1 signage 660 3964 246 246 1.0 0
1 signage 660 3965 410 410 1.0 0
1 signage 605 3966 370 370 1.0 0
1 signage 488 3969 296 296 1.0 0
1 signage 488 3976 296 296 1.0 0
1 signage 660 3982 410 410 1.0 0
1 signage 834 3989 259 259 1.0 0
1 signage 370 3992 265 265 1.0 0
1 signage 834 3993 274 274 1.0 0
1 signage 886 3995 274 274 1.0 0
1 signage 834 3996 274 274 1.0 0
1 signage 605 4001 370 370 1.0 0
1 signage 834 4002 259 259 1.0 0
1 signage 488 4004 296 296 1.0 0
1 signage 370 4005 259 259 1.0 0
1 signage 637 4008 259 259 1.0 0
1 signage 886 4013 259 259 1.0 0
1 signage 605 4016 370 370 1.0 0
1 signage 488 4017 296 296 1.0 0
1 signage 637 4026 259 259 1.0 0
1 signage 136 4030 265 265 1.0 0
1 signage 834 4036 274 274 1.0 0
1 signage 488 4037 296 296 1.0 0
1 signage 886 4039 274 274 1.0 0
1 signage 886 4040 259 259 1.0 0
1 signage 660 4041 410 410 1.0 0
1 signage 637 4044 259 259 1.0 0
1 signage 637 4046 259 259 1.0 0
1 signage 660 4047 246 246 1.0 0
1 signage 274 4049 296 296 1.0 0
1 signage 834 4050 274 274 1.0 0
1 signage 605 4052 259 259 1.0 0
1 signage 274 4053 296 296 1.0 0
1 signage 488 4055 296 296 1.0 0
1 signage 488 4058 296 296 1.0 0
1 signage 637 4059 274 274 1.0 0
1 signage 605 4062 265 265 1.0 0
1 signage 660 4063 246 246 1.0 0
1 signage 488 4068 296 296 1.0 0
1 signage 488 4073 296 296 1.0 0
1 signage 834 4076 274 274 1.0 0
1 signage 886 4077 259 259 1.0 0
1 signage 834 4078 274 274 1.0 0
1 signage 136 4079 265 265 1.0 0
1 signage 637 4081 274 274 1.0 0
1 signage 834 4082 259 259 1.0 0
1 signage 605 4087 370 370 1.0 0
1 signage 370 4088 265 265 1.0 0
1 signage 488 4095 296 296 1.0 0
1 signage 637 4098 274 274 1.0 0
1 signage 605 4101 370 370 1.0 0
1 signage 488 4102 296 296 1.0 0
1 signage 637 4103 259 259 1.0 0
1 signage 834 4105 274 274 1.0 0
1 signage 886 4108 259 259 1.0 0
1 signage 637 4110 259 259 1.0 0
1 signage 488 4112 296 296 1.0 0
1 signage 660 4115 246 246 1.0 0
1 signage 370 4117 259 259 1.0 0
1 signage 605 4118 370 370 1.0 0
1 signage 136 4129 265 265 1.0 0
1 signage 660 4131 246 246 1.0 0
1 signage 886 4136 274 274 1.0 0
1 signage 660 4138 246 246 1.0 0
1 signage 605 4142 370 370 1.0 0
1 signage 660 4144 246 246 1.0 0
1 signage 637 4145 274 274 1.0 0
1 signage 834 4147 259 259 1.0 0
1 signage 834 4149 259 259 1.0 0
1 signage 660 4150 246 246 1.0 0
1 signage 637 4153 259 259 1.0 0
1 signage 637 4156 274 274 1.0 0
1 signage 605 4158 370 370 1.0 0
1 signage 886 4159 274 274 1.0 0
1 signage 488 4164 296 296 1.0 0
1 signage 605 4165 370 370 1.0 0
1 signage 637 4166 259 259 1.0 0
1 signage 886 4169 274 274 1.0 0
1 signage 637 4170 274 274 1.0 0
1 signage 637 4174 259 259 1.0 0
1 signage 136 4177 265 265 1.0 0
1 signage 605 4181 265 265 1.0 0
1 signage 834 4186 274 274 1.0 0
1 signage 834 4187 259 259 1.0 0
1 signage 204 4189 95 95 1.0 0
1 signage 834 4192 259 259 1.0 0
1 signage 488 4197 296 296 1.0 0
1 signage 605 4200 259 259 1.0 0
1 signage 637 4202 259 259 1.0 0
1 signage 660 4205 246 246 1.0 0
1 signage 605 4207 259 259 1.0 0
1 signage 660 4209 246 246 1.0 0
1 signage 834 4217 274 274 1.0 0
1 signage 370 4221 265 265 1.0 0
1 signage 660 4226 410 410 1.0 0
1 signage 886 4229 274 274 1.0 0
1 signage 488 4231 296 296 1.0 0
1 signage 488 4237 296 296 1.0 0
1 signage 605 4240 265 265 1.0 0
1 signage 660 4245 246 246 1.0 0
1 signage 605 4249 259 259 1.0 0
1 signage 605 4257 259 259 1.0 0
1 signage 834 4266 274 274 1.0 0
1 signage 637 4270 259 259 1.0 0
1 signage 488 4271 296 296 1.0 0
1 signage 605 4276 370 370 1.0 0
1 signage 660 4279 410 410 1.0 0
1 signage 637 4281 274 274 1.0 0
1 signage 370 4282 265 265 1.0 0
1 signage 834 4285 274 274 1.0 0
1 signage 834 4287 259 259 1.0 0
1 signage 136 4288 265 265 1.0 0
1 signage 488 4289 296 296 1.0 0
1 signage 605 4291 370 370 1.0 0
1 signage 834 4297 259 259 1.0 0
1 signage 834 4301 259 259 1.0 0
1 signage 660 4302 246 246 1.0 0
1 signage 637 4305 259 259 1.0 0
1 signage 605 4306 259 259 1.0 0
1 signage 637 4310 259 259 1.0 0
1 signage 886 4312 259 259 1.0 0
1 signage 660 4313 246 246 1.0 0
1 signage 834 4314 274 274 1.0 0
1 signage 488 4315 296 296 1.0 0
1 signage 660 4318 410 410 1.0 0
1 signage 488 4322 296 296 1.0 0
1 signage 834 4323 274 274 1.0 0
1 signage 488 4325 296 296 1.0 0
1 signage 605 4328 370 370 1.0 0
1 signage 886 4331 274 274 1.0 0
1 signage 605 4334 370 370 1.0 0
1 signage 637 4340 259 259 1.0 0
1 signage 834 4345 259 259 1.0 0
1 signage 488 4348 296 296 1.0 0
1 signage 605 4349 259 259 1.0 0
1 signage 605 4353 259 259 1.0 0
1 signage 834 4356 274 274 1.0 0
1 signage 370 4357 259 259 1.0 0
1 signage 637 4361 274 274 1.0 0
1 signage 274 4362 296 296 1.0 0
1 signage 605 4366 259 259 1.0 0
1 signage 488 4367 296 296 1.0 0
1 signage 605 4372 265 265 1.0 0
1 signage 637 4373 274 274 1.0 0
1 signage 886 4376 259 259 1.0 0
1 signage 834 4381 259 259 1.0 0
1 signage 660 4382 410 410 1.0 0
1 signage 605 4385 259 259 1.0 0
1 signage 605 4386 265 265 1.0 0
1 signage 660 4388 246 246 1.0 0
1 signage 637 4389 274 274 1.0 0
1 signage 660 4393 246 246 1.0 0
1 signage 488 4395 296 296 1.0 0
1 signage 637 4396 274 274 1.0 0
1 signage 660 4397 246 246 1.0 0
1 signage 834 4398 274 274 1.0 0
1 signage 886 4405 259 259 1.0 0
1 signage 370 4408 259 259 1.0 0
1 signage 637 4412 274 274 1.0 0
1 signage 637 4415 259 259 1.0 0
1 signage 370 4416 259 259 1.0 0
1 signage 488 4417 296 296 1.0 0
1 signage 834 4419 259 259 1.0 0
1 signage 660 4421 246 246 1.0 0
1 signage 886 4424 259 259 1.0 0
1 signage 605 4428 259 259 1.0 0
1 signage 605 4430 370 370 1.0 0
1 signage 605 4435 259 259 1.0 0
1 signage 488 4436 296 296 1.0 0
1 signage 834 4438 274 274 1.0 0
1 signage 660 4441 246 246 1.0 0
1 signage 605 4443 370 370 1.0 0
1 signage 637 4447 259 259 1.0 0
1 signage 370 4448 265 265 1.0 0
1 signage 605 4451 259 259 1.0 0
1 signage 370 4452 259 259 1.0 0
1 signage 488 4456 296 296 1.0 0
1 signage 605 4459 259 259 1.0 0
1 signage 637 4461 259 259 1.0 0
1 signage 605 4462 370 370 1.0 0
1 signage 605 4466 370 370 1.0 0
1 signage 605 4469 370 370 1.0 0
1 signage 488 4470 296 296 1.0 0
1 signage 370 4471 259 259 1.0 0
1 signage 637 4472 259 259 1.0 0
1 signage 488 4475 296 296 1.0 0
1 signage 637 4478 259 259 1.0 0
1 signage 370 4479 259 259 1.0 0
1 signage 605 4480 259 259 1.0 0
1 signage 660 4485 246 246 1.0 0
1 signage 605 4487 370 370 1.0 0
1 signage 660 4488 246 246 1.0 0
1 signage 136 4490 265 265 1.0 0
1 signage 370 4495 259 259 1.0 0
1 signage 637 4496 259 259 1.0 0
1 signage 605 4497 370 370 1.0 0
1 signage 660 4498 410 410 1.0 0
1 signage 660 4499 246 246 1.0 0
1 signage 370 4504 259 259 1.0 0
1 signage 886 4507 259 259 1.0 0
1 signage 834 4510 274 274 1.0 0
1 signage 637 4511 274 274 1.0 0
1 signage 605 4516 370 370 1.0 0
1 signage 660 4518 246 246 1.0 0
1 signage 136 4519 265 265 1.0 0
1 signage 204 4520 95 95 1.0 0
1 signage 605 4521 370 370 1.0 0
1 signage 488 4523 296 296 1.0 0
1 signage 660 4524 246 246 1.0 0
1 signage 370 4528 259 259 1.0 0
1 signage 370 4529 259 259 1.0 0
1 signage 605 4535 259 259 1.0 0
1 signage 488 4549 296 296 1.0 0
1 signage 637 4551 274 274 1.0 0
1 signage 660 4556 246 246 1.0 0
1 signage 660 4557 246 246 1.0 0
1 signage 637 4559 259 259 1.0 0
1 signage 488 4563 296 296 1.0 0
1 signage 605 4570 265 265 1.0 0
1 signage 605 4571 370 370 1.0 0
1 signage 637 4575 259 259 1.0 0
1 signage 660 4578 410 410 1.0 0
1 signage 660 4584 410 410 1.0 0
1 signage 660 4587 246 246 1.0 0
1 signage 605 4589 265 265 1.0 0
1 signage 605 4594 259 259 1.0 0
1 signage 660 4596 246 246 1.0 0
1 signage 637 4598 259 259 1.0 0
1 signage 605 4601 259 259 1.0 0
1 signage 488 4602 296 296 1.0 0
1 signage 370 4605 259 259 1.0 0
1 signage 637 4611 274 274 1.0 0
1 signage 834 4613 259 259 1.0 0
1 signage 488 4620 296 296 1.0 0
1 signage 637 4621 274 274 1.0 0
1 signage 834 4623 274 274 1.0 0
1 signage 886 4625 259 259 1.0 0
1 signage 637 4626 259 259 1.0 0
1 signage 886 4627 274 274 1.0 0
1 signage 637 4628 259 259 1.0 0
1 signage 274 4629 296 296 1.0 0
1 signage 660 4631 410 410 1.0 0
1 signage 605 4633 265 265 1.0 0
1 signage 637 4635 274 274 1.0 0
1 signage 660 4639 246 246 1.0 0
1 signage 204 4648 95 95 1.0 0
1 signage 886 4651 259 259 1.0 0
1 signage 605 4657 370 370 1.0 0
1 signage 370 4659 265 265 1.0 0
1 signage 637 4660 274 274 1.0 0
1 signage 605 4662 370 370 1.0 0
1 signage 834 4663 259 259 1.0 0
1 signage 370 4665 259 259 1.0 0
1 signage 605 4672 370 370 1.0 0
1 signage 488 4673 296 296 1.0 0
1 signage 136 4674 265 265 1.0 0
1 signage 886 4678 259 259 1.0 0
1 signage 660 4686 410 410 1.0 0
1 signage 136 4692 265 265 1.0 0
1 signage 886 4694 259 259 1.0 0
1 signage 834 4696 274 274 1.0 0
1 signage 834 4698 274 274 1.0 0
1 signage 886 4700 274 274 1.0 0
1 signage 886 4702 259 259 1.0 0
1 signage 637 4703 274 274 1.0 0
1 signage 605 4704 370 370 1.0 0
1 signage 370 4705 265 265 1.0 0
1 signage 605 4708 370 370 1.0 0
1 signage 370 4709 259 259 1.0 0
1 signage 834 4713 274 274 1.0 0
1 signage 605 4714 259 259 1.0 0
1 signage 204 4719 95 95 1.0 0
1 signage 660 4720 246 246 1.0 0
1 signage 204 4723 95 95 1.0 0
1 signage 605 4724 370 370 1.0 0
1 signage 660 4725 246 246 1.0 0
1 signage 605 4727 265 265 1.0 0
1 signage 488 4728 296 296 1.0 0
1 signage 605 4736 265 265 1.0 0
1 signage 605 4737 259 259 1.0 0
1 signage 274 4741 296 296 1.0 0
1 signage 136 4742 265 265 1.0 0
1 signage 834 4745 274 274 1.0 0
1 signage 637 4747 274 274 1.0 0
1 signage 370 4749 259 259 1.0 0
1 signage 637 4756 274 274 1.0 0
1 signage 605 4762 370 370 1.0 0
1 signage 834 4767 259 259 1.0 0
1 signage 488 4769 296 296 1.0 0
1 signage 488 4771 296 296 1.0 0
1 signage 886 4772 259 259 1.0 0
1 signage 605 4773 259 259 1.0 0
1 signage 637 4774 259 259 1.0 0
1 signage 834 4777 274 274 1.0 0
1 signage 370 4783 265 265 1.0 0
1 signage 488 4786 296 296 1.0 0
1 signage 834 4789 274 274 1.0 0
1 signage 834 4791 274 274 1.0 0
1 signage 660 4794 246 246 1.0 0
1 signage 488 4797 296 296 1.0 0
1 signage 204 4798 95 95 1.0 0
1 signage 605 4799 370 370 1.0 0
1 signage 605 4801 370 370 1.0 0
1 signage 637 4802 274 274 1.0 0
1 signage 834 4803 274 274 1.0 0
1 signage 660 4804 246 246 1.0 0
1 signage 488 4812 296 296 1.0 0
1 signage 834 4815 274 274 1.0 0
1 signage 660 4816 246 246 1.0 0
1 signage 637 4821 274 274 1.0 0
1 signage 605 4829 370 370 1.0 0
1 signage 370 4830 259 259 1.0 0
1 signage 660 4832 246 246 1.0 0
1 signage 637 4835 274 274 1.0 0
1 signage 637 4838 259 259 1.0 0
1 signage 488 4839 296 296 1.0 0
1 signage 660 4843 246 246 1.0 0
1 signage 637 4847 274 274 1.0 0
1 signage 660 4848 246 246 1.0 0
1 signage 488 4851 296 296 1.0 0
1 signage 637 4852 259 259 1.0 0
1 signage 834 4853 274 274 1.0 0
1 signage 370 4854 259 259 1.0 0
1 signage 605 4857 259 259 1.0 0
1 signage 488 4858 296 296 1.0 0
1 signage 660 4859 410 410 1.0 0
1 signage 834 4860 274 274 1.0 0
1 signage 488 4864 296 296 1.0 0
1 signage 488 4867 296 296 1.0 0
1 signage 660 4869 410 410 1.0 0
1 signage 274 4871 296 296 1.0 0
1 signage 637 4876 274 274 1.0 0
1 signage 834 4877 259 259 1.0 0
1 signage 136 4878 265 265 1.0 0
1 signage 136 4884 265 265 1.0 0
1 signage 605 4887 370 370 1.0 0
1 signage 488 4888 296 296 1.0 0
1 signage 605 4890 259 259 1.0 0
1 signage 605 4891 259 259 1.0 0
1 signage 488 4892 296 296 1.0 0
1 signage 605 4896 370 370 1.0 0
1 signage 488 4899 296 296 1.0 0
1 signage 834 4900 259 259 1.0 0
1 signage 488 4902 296 296 1.0 0
1 signage 488 4906 296 296 1.0 0
1 signage 834 4908 259 259 1.0 0
1 signage 660 4923 410 410 1.0 0
1 signage 637 4926 259 259 1.0 0
1 signage 488 4927 296 296 1.0 0
1 signage 370 4929 265 265 1.0 0
1 signage 834 4930 259 259 1.0 0
1 signage 605 4933 370 370 1.0 0
1 signage 834 4934 259 259 1.0 0
1 signage 605 4936 259 259 1.0 0
1 signage 834 4939 274 274 1.0 0
1 signage 660 4942 246 246 1.0 0
1 signage 886 4944 274 274 1.0 0
1 signage 886 4945 296 296 1.0 0
1 signage 605 4952 259 259 1.0 0
1 signage 886 4957 259 259 1.0 0
1 signage 660 4959 246 246 1.0 0
1 signage 488 4968 296 296 1.0 0
1 signage 488 4971 296 296 1.0 0
1 signage 660 4974 410 410 1.0 0
1 signage 605 4976 259 259 1.0 0
1 signage 637 4981 259 259 1.0 0
1 signage 660 4984 246 246 1.0 0
1 signage 274 4987 296 296 1.0 0
1 signage 834 4990 274 274 1.0 0
1 signage 136 4991 265 265 1.0 0
1 signage 136 4993 265 265 1.0 0
1 signage 204 4994 95 95 1.0 0
1 signage 637 4996 259 259 1.0 0
1 signage 637 4997 259 259 1.0 0
1 signage 605 4998 259 259 1.0 0
1 signage 605 4999 259 259 1.0 0
