1 2
1 68
2 1
2 21
3 4
3 69
4 3
4 22
5 6
5 75
6 5
6 23
7 8
7 79
8 7
8 24
9 10
9 97
10 9
10 25
11 12
11 26
12 11
12 13
12 14
13 12
13 15
13 16
14 12
14 101
15 13
15 100
16 13
17 18
17 99
18 17
19 20
19 87
20 19
21 2
21 23
21 48
22 4
22 33
22 24
23 6
23 37
23 29
23 21
24 8
24 38
24 22
24 29
25 10
25 47
25 26
25 48
26 11
26 25
26 58
27 28
28 27
28 31
28 35
28 60
29 30
29 24
29 23
30 29
30 37
30 38
30 45
31 28
31 32
31 34
31 43
32 31
32 210
33 34
33 44
33 22
34 33
34 35
34 38
34 31
35 34
35 36
35 28
35 39
36 35
37 23
37 30
37 49
37 53
38 24
38 39
38 30
38 34
39 38
39 40
39 35
39 45
40 39
41 42
42 41
42 51
42 55
43 31
43 211
44 33
44 210
45 30
45 46
45 39
45 53
46 45
47 25
47 50
47 49
47 51
48 49
48 25
48 21
49 48
49 47
49 52
49 37
50 47
50 56
50 55
50 52
51 42
51 59
51 47
52 49
52 57
52 53
52 50
53 37
53 54
53 45
53 52
54 53
55 42
55 50
55 61
56 50
57 52
58 26
59 51
60 28
60 213
61 55
62 63
62 100
62 99
63 62
63 82
63 96
64 65
64 81
64 95
65 64
65 80
65 93
66 67
66 72
66 114
67 66
67 76
67 83
68 1
68 71
68 75
68 97
69 3
69 79
69 87
70 71
70 81
70 73
71 70
71 68
71 82
71 74
72 73
72 66
72 80
72 118
73 72
73 74
73 70
73 83
74 73
74 75
74 71
74 85
75 74
75 5
75 68
75 79
76 77
76 67
76 84
76 94
77 76
77 103
77 78
78 79
78 86
78 77
78 85
79 78
79 7
79 75
79 69
80 81
80 88
80 72
80 65
81 80
81 82
81 64
81 70
82 81
82 63
82 71
82 97
83 73
83 104
83 67
84 76
84 107
84 108
85 74
85 105
85 78
86 78
86 261
87 69
87 19
87 102
88 89
88 80
89 88
89 158
90 91
90 94
90 114
90 110
91 90
91 159
92 93
92 185
93 92
93 65
93 117
94 90
94 107
94 76
95 64
96 63
97 82
97 9
97 68
97 101
98 99
99 98
99 17
99 62
100 62
100 15
100 101
101 97
101 14
101 100
102 87
102 260
103 77
104 83
105 85
105 106
106 105
107 84
107 94
107 109
108 84
108 258
109 107
109 116
109 110
110 111
110 109
110 90
111 110
111 112
111 113
112 111
113 111
114 115
114 90
114 66
115 114
115 178
116 109
116 262
117 93
118 72
118 164
119 120
119 123
119 126
119 124
120 119
120 157
121 122
122 121
122 124
122 134
123 119
124 125
124 119
124 122
124 136
125 124
126 127
126 128
126 119
126 148
127 126
128 129
128 130
128 126
128 140
129 128
130 131
130 128
130 133
130 142
131 130
132 133
132 135
132 143
132 150
133 132
133 130
133 149
134 122
134 306
135 132
136 124
136 163
137 138
137 168
138 137
138 140
138 147
139 140
139 170
140 139
140 138
140 128
141 142
141 174
142 141
142 130
142 151
143 132
143 176
144 145
144 204
145 144
145 146
145 152
146 145
146 180
147 138
147 148
148 147
148 126
149 133
150 132
151 142
152 145
157 120
157 168
157 163
157 198
158 89
158 189
158 171
159 91
159 160
159 179
159 205
160 159
160 161
160 207
161 162
161 184
161 160
161 195
162 161
162 197
162 163
163 136
163 157
163 182
163 162
164 165
164 178
164 177
164 118
165 164
165 166
165 193
166 167
166 169
166 183
166 165
167 166
167 198
167 168
168 137
168 157
168 167
168 181
169 170
169 173
169 166
170 169
170 139
170 174
170 181
171 172
171 177
171 185
171 158
172 171
172 193
172 190
173 174
173 175
173 169
173 191
174 173
174 141
174 170
174 204
175 176
175 173
175 187
175 185
176 175
176 143
176 180
176 186
177 171
177 194
177 164
178 164
178 115
178 205
179 159
179 345
180 176
180 146
180 204
181 170
181 203
181 168
182 163
182 348
183 166
183 198
183 195
184 161
184 199
184 200
185 92
185 175
185 171
185 188
186 176
187 175
188 185
189 158
190 191
190 192
190 172
191 190
191 173
191 192
192 190
192 191
192 193
193 172
193 165
193 192
194 177
195 196
195 161
195 183
196 195
197 162
198 167
198 183
198 157
199 184
200 184
200 201
200 202
201 200
202 200
202 347
203 181
204 144
204 174
204 180
205 178
205 206
205 159
206 205
207 160
208 209
208 210
209 208
209 260
210 208
210 32
210 212
210 44
211 43
211 229
212 210
212 224
213 60
213 250
214 215
214 270
215 214
215 225
216 217
216 283
217 216
217 226
218 219
218 282
219 218
219 227
222 223
222 245
223 222
223 269
224 212
224 229
224 245
225 215
225 235
225 227
225 245
226 217
226 241
226 244
226 227
227 219
227 228
227 226
227 225
228 227
228 238
228 241
229 230
229 224
229 248
229 211
230 229
230 251
230 245
230 249
231 232
232 231
232 251
232 255
232 236
233 234
233 246
233 236
233 239
234 233
235 225
235 236
235 246
235 251
236 235
236 237
236 232
236 233
237 236
238 239
238 228
238 246
239 238
239 240
239 233
239 242
240 239
241 226
241 242
241 228
241 247
242 241
242 243
242 239
242 253
243 242
243 253
243 254
244 226
244 404
245 225
245 224
245 222
245 230
246 235
246 233
246 238
247 241
247 412
248 249
248 229
248 250
249 248
249 255
249 230
250 248
250 252
250 213
250 255
251 230
251 232
251 235
252 250
253 243
253 242
253 256
254 243
255 232
255 250
255 257
255 249
256 253
256 411
257 255
258 259
258 261
258 262
258 108
259 258
259 267
260 209
260 261
260 264
260 102
261 260
261 258
261 86
261 263
262 258
262 265
262 116
262 266
263 261
263 268
264 260
264 269
265 262
265 345
266 262
266 298
267 259
267 271
267 268
267 298
268 263
268 273
268 269
268 267
269 264
269 270
269 268
269 223
270 214
270 269
270 282
270 296
271 272
271 267
271 275
271 287
272 271
272 292
272 293
272 294
273 274
273 268
273 279
273 293
274 273
274 296
275 271
275 291
275 276
276 277
276 279
276 275
276 303
277 276
277 278
277 280
277 302
278 277
278 481
279 273
279 280
279 276
279 282
280 279
280 281
280 277
280 283
281 280
281 484
282 270
282 283
282 279
282 218
283 282
283 284
283 280
283 216
284 283
284 487
285 286
285 300
286 285
286 355
287 288
287 271
287 289
288 287
289 290
289 287
289 300
290 289
291 275
292 272
293 272
293 295
293 273
294 272
295 293
296 274
296 270
298 267
298 299
298 266
298 300
299 298
299 351
300 298
300 303
300 289
300 285
301 302
301 490
302 301
302 303
302 277
302 304
303 302
303 300
303 276
303 305
304 302
304 375
305 303
305 357
306 307
306 134
306 308
306 309
307 306
308 306
308 310
309 306
309 348
310 308
310 311
310 321
310 322
311 310
311 352
312 313
312 319
312 317
313 312
313 353
314 315
314 316
314 317
314 324
315 314
315 354
316 314
317 318
317 312
317 314
317 325
318 317
319 320
319 323
319 312
319 327
320 319
320 331
320 332
321 310
322 310
322 323
322 337
322 338
323 322
323 319
323 328
323 329
324 314
324 562
325 317
325 367
326 327
326 373
327 326
327 330
327 319
328 323
329 323
329 333
329 342
330 327
330 333
331 320
332 320
333 329
333 334
333 330
334 333
337 322
337 340
338 322
338 339
339 338
340 337
340 343
341 342
341 368
342 341
342 329
342 343
343 340
343 344
343 342
344 343
344 377
345 265
345 346
345 347
345 179
346 345
346 351
347 345
347 348
347 350
347 202
348 347
348 309
348 182
348 349
349 348
349 352
350 347
350 380
351 346
351 383
351 299
351 390
352 311
352 377
352 349
353 313
353 373
353 367
354 315
354 363
354 378
355 286
355 385
355 369
355 386
356 357
356 366
356 375
356 374
357 356
357 386
357 305
358 359
358 368
359 358
359 370
359 381
360 361
360 362
360 363
361 360
361 366
361 364
362 360
362 601
363 360
363 367
363 354
364 365
364 361
364 379
365 364
365 384
365 375
366 356
366 370
366 361
367 325
367 353
367 363
368 341
368 358
368 377
368 373
369 370
369 374
369 383
369 355
370 369
370 371
370 359
370 366
371 370
371 387
371 372
371 388
372 373
372 371
373 372
373 326
373 368
373 353
374 369
374 386
374 356
375 356
375 376
375 365
375 304
376 375
376 598
377 352
377 368
377 344
377 394
378 354
378 612
379 364
379 611
380 381
380 391
380 392
380 350
381 380
381 382
381 359
382 381
382 389
383 369
383 351
383 389
384 365
384 610
385 355
386 355
386 374
386 357
387 371
388 371
389 382
389 383
390 351
390 392
391 380
391 393
392 380
392 390
393 391
393 395
394 377
394 395
395 394
395 393
396 397
396 404
397 396
397 487
398 399
398 477
399 398
399 405
400 401
400 406
401 400
401 489
402 403
402 488
403 402
403 407
404 396
404 244
404 422
404 413
405 399
405 408
405 406
405 423
406 400
406 418
406 405
406 407
407 403
407 419
407 406
407 422
408 409
408 405
408 414
408 418
409 408
409 440
410 411
411 410
411 412
411 420
411 256
412 411
412 413
412 247
412 419
413 412
413 424
413 404
414 408
414 415
414 417
414 425
415 414
416 417
417 416
417 418
417 420
417 414
418 417
418 406
418 419
418 408
419 407
419 420
419 412
419 418
420 419
420 421
420 411
420 417
421 420
422 407
422 424
422 404
423 405
423 469
424 422
424 413
425 414
425 471
426 427
426 433
426 431
427 426
427 429
427 437
428 429
428 647
429 428
429 430
429 427
429 437
430 429
430 528
431 432
431 434
431 426
432 431
432 437
432 439
433 426
433 446
434 431
434 469
435 436
435 460
435 444
436 435
436 650
437 429
437 438
437 432
437 427
438 437
438 526
439 432
439 516
440 441
440 451
440 409
441 440
441 450
441 448
442 443
442 464
442 450
443 442
443 688
444 445
444 446
444 435
444 461
445 444
445 686
446 433
446 444
446 447
447 446
447 448
447 469
448 449
448 447
448 441
449 448
450 441
450 463
450 461
450 442
451 440
451 471
451 472
452 453
452 466
452 472
453 452
453 454
453 472
453 473
454 453
454 455
455 456
455 457
455 454
456 455
457 455
458 459
458 474
458 468
459 458
460 435
460 697
461 462
461 450
461 444
462 461
462 687
463 450
463 689
464 465
464 468
464 442
464 476
465 464
465 713
466 467
466 452
466 471
467 466
467 468
467 474
468 467
468 464
468 458
469 423
469 447
469 434
470 471
471 470
471 451
471 425
471 466
472 451
472 452
472 453
473 453
474 467
474 475
474 458
475 474
476 464
477 478
477 489
477 479
477 398
478 477
478 516
479 480
479 486
479 477
479 494
480 479
480 505
481 278
481 482
481 484
481 490
482 481
482 483
482 485
482 497
483 482
483 486
483 499
483 503
484 281
484 485
484 487
484 481
485 484
485 486
485 482
485 488
486 485
486 479
486 489
486 483
487 284
487 488
487 397
487 484
488 487
488 489
488 485
488 402
489 488
489 477
489 401
489 486
490 481
490 491
490 497
490 301
491 490
491 598
492 493
492 599
493 492
493 496
493 498
493 503
494 495
494 479
494 503
495 494
495 544
496 493
496 497
496 501
496 499
497 496
497 490
497 482
497 500
498 493
498 538
499 483
499 496
500 497
500 607
501 496
501 502
502 501
502 603
503 504
503 483
503 493
503 494
504 503
504 514
505 480
505 508
505 516
505 545
506 507
506 510
506 509
506 529
507 506
507 726
508 509
508 505
508 527
509 508
509 506
509 513
510 506
510 528
510 552
511 512
511 621
512 511
512 537
512 538
513 509
513 525
513 545
514 515
514 504
514 549
514 546
515 514
515 525
515 547
516 517
516 478
516 505
516 439
517 516
517 526
517 527
518 519
518 523
518 538
519 518
519 520
519 524
520 519
520 553
520 542
521 522
521 550
521 547
522 521
522 524
522 523
523 518
523 550
523 522
524 522
524 519
524 531
525 515
525 513
525 546
526 517
526 438
526 548
527 508
527 517
527 548
528 430
528 510
528 552
529 506
529 532
529 536
530 531
530 532
530 547
531 530
531 533
531 524
532 530
532 529
532 535
533 531
533 534
533 553
534 535
534 533
535 534
535 536
535 532
536 535
536 543
536 529
537 512
538 498
538 542
538 518
538 512
539 540
539 807
540 539
540 541
540 543
541 540
541 542
541 553
542 538
542 541
542 520
543 540
543 536
544 495
544 545
544 546
545 544
545 505
545 513
546 544
546 525
546 514
547 515
547 549
547 521
547 530
548 526
548 551
548 527
549 514
549 547
549 550
550 521
550 523
550 549
551 548
551 552
552 551
552 528
552 510
553 533
553 520
553 541
554 555
555 554
555 572
555 571
556 557
556 558
556 564
556 572
557 556
557 597
558 559
558 560
558 556
558 565
559 558
560 561
560 562
560 558
560 570
561 560
562 563
562 324
562 560
562 568
563 562
564 556
564 575
565 558
565 606
566 567
566 609
567 566
567 569
567 573
568 562
568 612
569 567
569 570
570 569
570 560
571 572
571 555
571 574
572 571
572 555
572 556
573 567
574 571
575 564
575 576
575 577
575 587
576 575
576 589
576 578
576 596
577 575
578 579
578 576
578 595
579 578
579 588
579 580
579 592
580 581
580 583
580 579
581 580
582 583
582 586
582 590
582 591
583 582
583 584
583 580
584 585
584 583
585 584
585 830
586 582
586 631
587 575
587 622
588 579
589 576
589 632
590 582
590 868
591 582
591 594
592 579
592 593
593 592
593 628
594 591
594 628
595 578
596 576
596 627
597 557
597 602
597 606
597 613
598 491
598 610
598 376
598 607
599 492
599 600
599 602
599 603
600 599
600 621
601 362
601 611
601 612
602 597
602 599
602 604
602 616
603 604
603 607
603 599
603 502
604 603
604 605
604 602
604 615
605 604
605 606
605 620
606 565
606 609
606 597
606 605
607 608
607 598
607 603
607 500
608 607
608 615
608 614
609 566
609 612
609 606
609 618
610 598
610 384
610 611
611 601
611 379
611 614
611 610
612 601
612 568
612 378
612 609
613 597
613 622
614 611
614 617
614 608
615 608
615 620
615 604
616 602
616 623
617 614
617 620
617 618
618 619
618 609
618 617
619 618
620 617
620 615
620 605
621 600
621 511
621 625
622 613
622 587
622 624
623 616
623 624
623 625
624 623
624 622
624 632
625 626
625 623
625 621
626 625
626 629
626 640
627 628
627 632
627 596
627 635
628 627
628 633
628 593
628 594
629 630
629 626
629 635
630 629
630 919
631 586
631 917
632 624
632 636
632 627
632 589
633 628
633 919
634 635
635 634
635 629
635 627
636 632
637 638
638 637
638 924
639 640
639 927
640 639
640 626
640 641
641 640
641 926
642 643
642 644
642 646
642 648
643 642
643 645
643 650
643 652
644 645
644 642
644 653
645 644
645 643
645 649
645 651
646 642
646 652
646 663
647 428
647 650
647 666
648 642
648 654
648 664
649 645
649 782
650 643
650 436
650 647
651 645
651 783
652 646
652 643
652 665
653 644
653 738
654 648
654 785
655 656
655 657
655 658
656 655
657 655
657 670
657 660
658 655
658 659
658 660
659 658
659 673
660 658
660 657
660 662
661 662
661 674
662 661
662 667
662 660
663 646
663 690
664 648
664 694
665 652
665 697
666 647
666 782
667 668
667 669
667 662
668 667
668 765
669 667
669 671
669 672
670 657
671 669
671 748
672 669
672 718
673 659
673 703
673 702
674 661
674 698
674 699
675 676
675 679
675 677
675 692
676 675
677 678
677 683
677 675
678 677
678 680
678 681
679 675
679 682
679 681
680 678
680 721
680 710
681 678
681 679
682 679
683 677
683 716
683 720
684 685
684 689
684 687
685 684
685 705
685 704
686 687
686 445
686 690
686 696
687 686
687 462
687 684
688 443
688 706
688 704
689 684
689 704
689 463
690 663
690 686
690 694
690 697
691 692
691 698
691 717
692 691
692 675
693 694
693 695
694 693
694 664
694 690
695 693
695 696
696 686
696 695
696 725
697 690
697 665
697 460
698 674
698 691
698 722
699 700
699 674
699 702
700 699
701 702
702 701
702 699
702 673
703 673
704 689
704 685
704 688
705 685
705 712
705 714
705 723
706 688
706 707
706 714
707 706
707 713
708 709
709 708
709 710
709 711
710 709
710 716
710 680
711 709
711 716
711 724
712 705
712 715
713 465
713 707
714 705
714 706
715 712
715 724
716 683
716 710
716 711
717 691
718 719
718 672
718 720
718 722
719 718
719 725
720 718
720 683
721 680
722 698
722 718
723 705
724 715
724 711
725 696
725 719
726 507
726 731
726 793
727 728
727 731
727 784
728 727
728 737
728 783
729 730
729 735
729 792
729 779
730 729
730 775
730 827
731 732
731 727
731 726
732 731
732 793
732 736
733 734
733 768
733 775
734 733
734 778
734 779
735 729
735 791
735 789
736 737
736 787
736 732
737 736
737 738
737 728
737 786
738 737
738 653
738 783
738 785
739 740
739 891
740 739
741 742
741 892
742 741
742 747
742 794
743 744
743 760
743 749
744 743
744 745
744 797
744 798
745 744
745 746
746 745
746 755
746 763
747 742
747 753
747 813
747 795
748 749
748 797
748 671
749 748
749 756
749 765
749 743
750 751
750 762
750 752
750 813
751 750
751 754
751 764
751 798
752 753
752 754
752 750
753 752
753 763
753 747
754 752
754 763
754 751
755 746
755 797
755 818
756 757
756 758
756 749
757 756
758 759
758 756
758 761
759 758
759 800
759 765
760 743
761 758
762 750
763 754
763 746
763 753
764 751
765 749
765 759
765 668
766 767
766 815
767 766
767 772
767 771
768 769
768 733
768 815
769 768
769 774
769 777
769 821
770 771
770 820
770 824
771 770
771 773
771 767
772 767
772 915
773 771
773 922
774 769
774 807
774 806
775 730
775 733
775 776
776 775
776 803
776 823
777 769
777 803
778 734
778 780
778 781
778 817
779 734
779 780
779 729
780 778
780 779
780 792
781 778
782 649
782 666
782 784
783 651
783 784
783 738
783 728
784 783
784 782
784 727
785 738
785 654
785 786
786 737
786 785
786 788
787 788
787 736
787 789
788 787
788 786
788 790
789 790
789 787
789 735
790 789
790 788
790 791
791 735
791 790
791 792
792 729
792 791
792 780
793 732
793 726
793 804
794 742
795 796
795 747
795 812
796 795
796 819
796 818
797 744
797 748
797 755
798 744
798 751
798 799
799 798
800 759
801 802
802 801
802 912
803 776
803 777
804 805
804 793
804 827
805 804
805 806
805 823
806 805
806 774
806 826
807 808
807 774
807 539
807 816
808 807
808 809
808 824
809 808
809 924
810 811
810 812
811 810
811 942
812 810
812 819
812 828
812 795
813 747
813 814
813 750
814 813
815 816
815 817
815 768
815 766
816 815
816 807
816 820
816 821
817 815
817 778
817 822
817 829
818 755
818 819
818 796
819 818
819 812
819 796
820 816
820 770
821 769
821 816
822 817
822 915
823 805
823 827
823 776
824 808
824 770
824 825
825 824
825 923
826 806
827 823
827 804
827 730
828 812
828 829
829 828
829 817
830 831
830 585
831 830
831 850
832 833
832 836
832 847
833 832
833 861
833 851
834 835
834 836
834 859
835 834
835 842
835 858
836 834
836 832
836 857
837 838
837 854
837 856
838 837
839 840
839 843
839 852
840 839
841 842
841 854
841 860
842 841
842 835
842 843
843 844
843 839
843 853
843 842
844 843
845 846
845 848
845 851
846 845
847 848
847 832
847 858
848 847
848 849
848 845
848 852
849 848
850 831
850 851
850 880
850 881
851 850
851 862
851 845
851 833
852 848
852 858
852 839
853 843
854 855
854 841
854 837
855 854
855 867
855 879
856 837
856 863
856 864
857 836
857 890
858 835
858 852
858 847
859 834
859 894
860 841
860 895
861 833
861 909
862 851
863 856
864 856
865 866
865 873
865 874
866 865
866 875
866 883
867 855
868 590
873 865
874 865
875 876
875 866
875 882
875 879
876 875
879 855
879 875
879 885
880 850
881 850
881 908
882 875
882 884
882 886
883 866
883 936
884 882
884 889
885 879
886 882
887 888
888 887
888 937
889 884
889 937
890 857
890 893
890 894
890 909
891 739
891 892
891 898
892 741
892 891
892 921
893 890
893 914
893 910
894 895
894 890
894 910
894 859
895 894
895 904
895 860
896 897
896 912
896 911
897 896
897 931
897 907
898 899
898 891
898 911
899 898
899 911
899 929
900 901
900 904
900 934
901 900
901 907
901 921
901 929
902 903
902 935
902 938
903 902
904 900
904 895
904 921
905 906
906 905
906 931
906 907
907 901
907 906
907 897
908 909
908 914
908 881
909 908
909 861
909 890
909 914
910 894
910 893
910 920
911 898
911 899
911 896
912 896
912 802
912 930
912 931
913 914
913 943
914 913
914 893
914 909
914 908
914 942
915 916
915 772
915 822
915 944
916 915
916 925
916 922
917 918
917 631
917 919
917 944
918 917
919 630
919 917
919 633
919 925
920 910
920 928
920 921
921 904
921 892
921 901
921 920
922 773
922 923
922 916
923 922
923 924
923 825
924 923
924 638
924 809
924 926
925 916
925 927
925 919
926 927
926 924
926 641
927 926
927 925
927 639
928 920
929 899
929 901
930 912
931 912
931 906
931 897
931 932
932 931
933 934
933 938
934 933
934 900
935 902
936 883
936 940
936 941
937 888
937 889
937 940
938 902
938 939
938 933
938 940
939 938
940 937
940 936
940 938
941 936
942 914
942 811
943 913
943 944
944 915
944 917
944 943
