1 clear_all_signage
1 signage 56 56 82 82 1.0 0
301 clear_all_signage
301 signage 605 605 204 204 1.0 0
601 clear_all_signage
601 signage 56 56 274 274 1.0 0
601 signage 605 605 204 204 1.0 0
901 clear_all_signage
901 signage 136 136 265 265 1.0 0
901 signage 204 204 95 95 1.0 0
901 signage 605 605 274 274 1.0 0
901 signage 834 834 637 637 1.0 0
901 signage 886 886 637 637 1.0 0
1201 clear_all_signage
1201 signage 56 56 259 259 1.0 0
1201 signage 136 136 265 265 1.0 0
1201 signage 204 204 95 95 1.0 0
1201 signage 488 488 296 296 1.0 0
1201 signage 605 605 274 274 1.0 0
1201 signage 637 637 370 370 1.0 0
1201 signage 660 660 246 246 1.0 0
1201 signage 834 834 370 370 1.0 0
1201 signage 886 886 370 370 1.0 0
1501 clear_all_signage
1501 signage 56 56 274 274 1.0 0
1501 signage 136 136 265 265 1.0 0
1501 signage 204 204 95 95 1.0 0
1501 signage 488 488 296 296 1.0 0
1501 signage 605 605 274 274 1.0 0
1501 signage 637 637 370 370 1.0 0
1501 signage 660 660 246 246 1.0 0
1501 signage 834 834 370 370 1.0 0
1501 signage 886 886 370 370 1.0 0
1801 clear_all_signage
1801 signage 56 56 274 274 1.0 0
1801 signage 136 136 265 265 1.0 0
1801 signage 204 204 95 95 1.0 0
1801 signage 488 488 296 296 1.0 0
1801 signage 605 605 274 274 1.0 0
1801 signage 637 637 370 370 1.0 0
1801 signage 660 660 246 246 1.0 0
1801 signage 834 834 370 370 1.0 0
1801 signage 886 886 370 370 1.0 0
2101 clear_all_signage
2101 signage 56 56 274 274 1.0 0
2101 signage 136 136 265 265 1.0 0
2101 signage 204 204 95 95 1.0 0
2101 signage 488 488 296 296 1.0 0
2101 signage 605 605 274 274 1.0 0
2101 signage 637 637 370 370 1.0 0
2101 signage 660 660 246 246 1.0 0
2101 signage 834 834 370 370 1.0 0
2101 signage 886 886 370 370 1.0 0
2401 clear_all_signage
2401 signage 56 56 274 274 1.0 0
2401 signage 136 136 265 265 1.0 0
2401 signage 204 204 95 95 1.0 0
2401 signage 488 488 296 296 1.0 0
2401 signage 605 605 274 274 1.0 0
2401 signage 637 637 370 370 1.0 0
2401 signage 660 660 246 246 1.0 0
2401 signage 834 834 370 370 1.0 0
2401 signage 886 886 370 370 1.0 0
2701 clear_all_signage
2701 signage 56 56 274 274 1.0 0
2701 signage 136 136 265 265 1.0 0
2701 signage 204 204 95 95 1.0 0
2701 signage 370 370 265 265 1.0 0
2701 signage 488 488 296 296 1.0 0
2701 signage 605 605 274 274 1.0 0
2701 signage 637 637 274 274 1.0 0
2701 signage 660 660 246 246 1.0 0
2701 signage 834 834 274 274 1.0 0
2701 signage 886 886 274 274 1.0 0
3001 clear_all_signage
3001 signage 56 56 265 265 1.0 0
3001 signage 136 136 265 265 1.0 0
3001 signage 204 204 95 95 1.0 0
3001 signage 370 370 265 265 1.0 0
3001 signage 488 488 296 296 1.0 0
3001 signage 605 605 274 274 1.0 0
3001 signage 637 637 274 274 1.0 0
3001 signage 660 660 246 246 1.0 0
3001 signage 834 834 274 274 1.0 0
3001 signage 886 886 274 274 1.0 0
3301 clear_all_signage
3301 signage 56 56 265 265 1.0 0
3301 signage 136 136 265 265 1.0 0
3301 signage 204 204 95 95 1.0 0
3301 signage 246 246 296 296 1.0 0
3301 signage 370 370 265 265 1.0 0
3301 signage 488 488 296 296 1.0 0
3301 signage 605 605 274 274 1.0 0
3301 signage 637 637 274 274 1.0 0
3301 signage 660 660 410 410 1.0 0
3301 signage 834 834 274 274 1.0 0
3301 signage 886 886 274 274 1.0 0
3601 clear_all_signage
3601 signage 56 56 265 265 1.0 0
3601 signage 136 136 265 265 1.0 0
3601 signage 204 204 95 95 1.0 0
3601 signage 246 246 296 296 1.0 0
3601 signage 370 370 265 265 1.0 0
3601 signage 488 488 296 296 1.0 0
3601 signage 605 605 274 274 1.0 0
3601 signage 637 637 274 274 1.0 0
3601 signage 660 660 410 410 1.0 0
3601 signage 834 834 274 274 1.0 0
3601 signage 886 886 274 274 1.0 0
3901 clear_all_signage
3901 signage 56 56 274 274 1.0 0
3901 signage 136 136 259 259 1.0 0
3901 signage 204 204 95 95 1.0 0
3901 signage 246 246 296 296 1.0 0
3901 signage 265 265 259 259 1.0 0
3901 signage 370 370 274 274 1.0 0
3901 signage 488 488 296 296 1.0 0
3901 signage 605 605 274 274 1.0 0
3901 signage 637 637 274 274 1.0 0
3901 signage 660 660 410 410 1.0 0
3901 signage 834 834 274 274 1.0 0
3901 signage 886 886 274 274 1.0 0
4201 clear_all_signage
4201 signage 136 136 259 259 1.0 0
4201 signage 204 204 95 95 1.0 0
4201 signage 246 246 296 296 1.0 0
4201 signage 265 265 259 259 1.0 0
4201 signage 370 370 274 274 1.0 0
4201 signage 488 488 296 296 1.0 0
4201 signage 605 605 274 274 1.0 0
4201 signage 637 637 274 274 1.0 0
4201 signage 660 660 410 410 1.0 0
4201 signage 834 834 274 274 1.0 0
4201 signage 886 886 274 274 1.0 0
4501 clear_all_signage
4501 signage 56 56 274 274 1.0 0
4501 signage 136 136 259 259 1.0 0
4501 signage 204 204 95 95 1.0 0
4501 signage 246 246 274 274 1.0 0
4501 signage 265 265 259 259 1.0 0
4501 signage 296 296 274 274 1.0 0
4501 signage 370 370 274 274 1.0 0
4501 signage 488 488 274 274 1.0 0
4501 signage 605 605 274 274 1.0 0
4501 signage 637 637 274 274 1.0 0
4501 signage 660 660 410 410 1.0 0
4501 signage 834 834 274 274 1.0 0
4501 signage 886 886 274 274 1.0 0
4801 clear_all_signage
4801 signage 136 136 259 259 1.0 0
4801 signage 204 204 95 95 1.0 0
4801 signage 246 246 274 274 1.0 0
4801 signage 265 265 259 259 1.0 0
4801 signage 296 296 274 274 1.0 0
4801 signage 370 370 274 274 1.0 0
4801 signage 488 488 274 274 1.0 0
4801 signage 605 605 274 274 1.0 0
4801 signage 637 637 274 274 1.0 0
4801 signage 660 660 410 410 1.0 0
4801 signage 834 834 274 274 1.0 0
4801 signage 886 886 274 274 1.0 0
5101 clear_all_signage
5101 signage 136 136 259 259 1.0 0
5101 signage 204 204 95 95 1.0 0
5101 signage 246 246 274 274 1.0 0
5101 signage 265 265 259 259 1.0 0
5101 signage 296 296 274 274 1.0 0
5101 signage 370 370 274 274 1.0 0
5101 signage 488 488 274 274 1.0 0
5101 signage 605 605 274 274 1.0 0
5101 signage 637 637 274 274 1.0 0
5101 signage 660 660 410 410 1.0 0
5101 signage 834 834 274 274 1.0 0
5101 signage 886 886 274 274 1.0 0
5401 clear_all_signage
5401 signage 136 136 259 259 1.0 0
5401 signage 204 204 95 95 1.0 0
5401 signage 246 246 274 274 1.0 0
5401 signage 265 265 259 259 1.0 0
5401 signage 296 296 274 274 1.0 0
5401 signage 370 370 274 274 1.0 0
5401 signage 488 488 274 274 1.0 0
5401 signage 605 605 274 274 1.0 0
5401 signage 637 637 274 274 1.0 0
5401 signage 660 660 410 410 1.0 0
5401 signage 834 834 274 274 1.0 0
5401 signage 886 886 274 274 1.0 0
5701 clear_all_signage
5701 signage 136 136 259 259 1.0 0
5701 signage 204 204 95 95 1.0 0
5701 signage 246 246 274 274 1.0 0
5701 signage 265 265 259 259 1.0 0
5701 signage 296 296 274 274 1.0 0
5701 signage 370 370 274 274 1.0 0
5701 signage 488 488 274 274 1.0 0
5701 signage 605 605 274 274 1.0 0
5701 signage 637 637 274 274 1.0 0
5701 signage 660 660 410 410 1.0 0
5701 signage 834 834 274 274 1.0 0
5701 signage 886 886 274 274 1.0 0
6001 clear_all_signage
6001 signage 136 136 259 259 1.0 0
6001 signage 204 204 95 95 1.0 0
6001 signage 246 246 274 274 1.0 0
6001 signage 265 265 259 259 1.0 0
6001 signage 296 296 274 274 1.0 0
6001 signage 370 370 274 274 1.0 0
6001 signage 488 488 274 274 1.0 0
6001 signage 605 605 274 274 1.0 0
6001 signage 637 637 274 274 1.0 0
6001 signage 660 660 410 410 1.0 0
6001 signage 834 834 274 274 1.0 0
6001 signage 886 886 274 274 1.0 0
6301 clear_all_signage
6301 signage 136 136 259 259 1.0 0
6301 signage 204 204 95 95 1.0 0
6301 signage 246 246 274 274 1.0 0
6301 signage 265 265 259 259 1.0 0
6301 signage 296 296 274 274 1.0 0
6301 signage 370 370 274 274 1.0 0
6301 signage 488 488 274 274 1.0 0
6301 signage 605 605 274 274 1.0 0
6301 signage 637 637 274 274 1.0 0
6301 signage 660 660 410 410 1.0 0
6301 signage 834 834 274 274 1.0 0
6301 signage 886 886 274 274 1.0 0
6601 clear_all_signage
6601 signage 136 136 259 259 1.0 0
6601 signage 204 204 95 95 1.0 0
6601 signage 246 246 274 274 1.0 0
6601 signage 265 265 259 259 1.0 0
6601 signage 296 296 274 274 1.0 0
6601 signage 370 370 274 274 1.0 0
6601 signage 488 488 274 274 1.0 0
6601 signage 605 605 274 274 1.0 0
6601 signage 637 637 274 274 1.0 0
6601 signage 660 660 410 410 1.0 0
6601 signage 834 834 274 274 1.0 0
6601 signage 886 886 274 274 1.0 0
6901 clear_all_signage
6901 signage 136 136 259 259 1.0 0
6901 signage 204 204 95 95 1.0 0
6901 signage 246 246 274 274 1.0 0
6901 signage 265 265 259 259 1.0 0
6901 signage 296 296 274 274 1.0 0
6901 signage 370 370 274 274 1.0 0
6901 signage 488 488 274 274 1.0 0
6901 signage 605 605 274 274 1.0 0
6901 signage 637 637 274 274 1.0 0
6901 signage 660 660 410 410 1.0 0
6901 signage 834 834 274 274 1.0 0
6901 signage 886 886 274 274 1.0 0
7201 clear_all_signage
7201 signage 136 136 259 259 1.0 0
7201 signage 204 204 95 95 1.0 0
7201 signage 246 246 274 274 1.0 0
7201 signage 265 265 259 259 1.0 0
7201 signage 296 296 274 274 1.0 0
7201 signage 370 370 274 274 1.0 0
7201 signage 488 488 274 274 1.0 0
7201 signage 605 605 274 274 1.0 0
7201 signage 637 637 274 274 1.0 0
7201 signage 660 660 410 410 1.0 0
7201 signage 834 834 274 274 1.0 0
7201 signage 886 886 274 274 1.0 0
7501 clear_all_signage
7501 signage 136 136 259 259 1.0 0
7501 signage 204 204 95 95 1.0 0
7501 signage 246 246 274 274 1.0 0
7501 signage 265 265 259 259 1.0 0
7501 signage 296 296 274 274 1.0 0
7501 signage 370 370 274 274 1.0 0
7501 signage 488 488 274 274 1.0 0
7501 signage 605 605 274 274 1.0 0
7501 signage 637 637 274 274 1.0 0
7501 signage 660 660 410 410 1.0 0
7501 signage 834 834 274 274 1.0 0
7501 signage 886 886 274 274 1.0 0
7801 clear_all_signage
7801 signage 136 136 259 259 1.0 0
7801 signage 204 204 95 95 1.0 0
7801 signage 246 246 274 274 1.0 0
7801 signage 265 265 259 259 1.0 0
7801 signage 296 296 274 274 1.0 0
7801 signage 370 370 274 274 1.0 0
7801 signage 488 488 274 274 1.0 0
7801 signage 605 605 274 274 1.0 0
7801 signage 637 637 274 274 1.0 0
7801 signage 660 660 410 410 1.0 0
7801 signage 834 834 274 274 1.0 0
7801 signage 886 886 274 274 1.0 0
8101 clear_all_signage
8101 signage 136 136 259 259 1.0 0
8101 signage 204 204 95 95 1.0 0
8101 signage 246 246 274 274 1.0 0
8101 signage 265 265 259 259 1.0 0
8101 signage 296 296 274 274 1.0 0
8101 signage 370 370 274 274 1.0 0
8101 signage 488 488 274 274 1.0 0
8101 signage 605 605 274 274 1.0 0
8101 signage 637 637 274 274 1.0 0
8101 signage 660 660 410 410 1.0 0
8101 signage 834 834 274 274 1.0 0
8101 signage 886 886 274 274 1.0 0
8401 clear_all_signage
8401 signage 136 136 259 259 1.0 0
8401 signage 204 204 95 95 1.0 0
8401 signage 246 246 274 274 1.0 0
8401 signage 265 265 259 259 1.0 0
8401 signage 296 296 274 274 1.0 0
8401 signage 370 370 274 274 1.0 0
8401 signage 488 488 274 274 1.0 0
8401 signage 605 605 274 274 1.0 0
8401 signage 637 637 274 274 1.0 0
8401 signage 660 660 410 410 1.0 0
8401 signage 834 834 274 274 1.0 0
8401 signage 886 886 274 274 1.0 0
8701 clear_all_signage
8701 signage 136 136 259 259 1.0 0
8701 signage 204 204 95 95 1.0 0
8701 signage 246 246 274 274 1.0 0
8701 signage 265 265 259 259 1.0 0
8701 signage 296 296 274 274 1.0 0
8701 signage 370 370 274 274 1.0 0
8701 signage 488 488 274 274 1.0 0
8701 signage 605 605 274 274 1.0 0
8701 signage 637 637 274 274 1.0 0
8701 signage 660 660 410 410 1.0 0
8701 signage 834 834 274 274 1.0 0
8701 signage 886 886 274 274 1.0 0
